     0.991679    0.003000
     0.991384    0.003061
     0.990934    0.003153
     0.990476    0.003248
     0.990008    0.003344
     0.989530    0.003442
     0.989041    0.003543
     0.988542    0.003645
     0.988032    0.003750
     0.987509    0.003857
     0.986975    0.003966
     0.986427    0.004078
     0.985866    0.004193
     0.985290    0.004311
     0.984699    0.004432
     0.984091    0.004555
     0.983467    0.004683
     0.982826    0.004813
     0.982165    0.004948
     0.981485    0.005086
     0.980784    0.005228
     0.980061    0.005375
     0.979314    0.005526
     0.978543    0.005682
     0.977745    0.005844
     0.976919    0.006011
     0.976063    0.006183
     0.975174    0.006362
     0.974251    0.006548
     0.973290    0.006741
     0.972289    0.006942
     0.971244    0.007151
     0.970151    0.007370
     0.969006    0.007599
     0.967804    0.007838
     0.966540    0.008090
     0.965207    0.008355
     0.963799    0.008634
     0.962306    0.008929
     0.960721    0.009242
     0.959030    0.009575
     0.957222    0.009931
     0.955281    0.010311
     0.953188    0.010720
     0.950922    0.011161
     0.948458    0.011640
     0.945764    0.012161
     0.942803    0.012731
     0.939531    0.013359
     0.935897    0.014052
     0.931841    0.014822
     0.927297    0.015679
     0.922196    0.016635
     0.916474    0.017698
     0.910084    0.018875
     0.903013    0.020166
     0.895287    0.021560
     0.886975    0.023043
     0.878178    0.024592
     0.869004    0.026187
     0.859552    0.027808
     0.849904    0.029438
     0.840123    0.031067
     0.830251    0.032687
     0.820319    0.034291
     0.810346    0.035878
     0.800345    0.037444
     0.790327    0.038988
     0.780295    0.040508
     0.770256    0.042005
     0.760211    0.043478
     0.750162    0.044926
     0.740112    0.046349
     0.730062    0.047747
     0.720013    0.049120
     0.709967    0.050467
     0.699924    0.051788
     0.689885    0.053083
     0.679852    0.054351
     0.669826    0.055593
     0.659807    0.056808
     0.649797    0.057995
     0.639797    0.059156
     0.629807    0.060288
     0.619829    0.061392
     0.609864    0.062468
     0.599912    0.063515
     0.589976    0.064533
     0.580055    0.065521
     0.570152    0.066479
     0.560266    0.067408
     0.550400    0.068305
     0.540555    0.069172
     0.530731    0.070008
     0.520931    0.070811
     0.511155    0.071582
     0.501405    0.072321
     0.491682    0.073027
     0.481989    0.073698
     0.472328    0.074336
     0.462701    0.074940
     0.453114    0.075508
     0.443570    0.076040
     0.434079    0.076536
     0.424649    0.076995
     0.415296    0.077416
     0.406042    0.077799
     0.396915    0.078141
     0.387910    0.078434
     0.378994    0.078680
     0.370150    0.078879
     0.361366    0.079032
     0.352636    0.079140
     0.343958    0.079201
     0.335329    0.079217
     0.326748    0.079186
     0.318217    0.079109
     0.309737    0.078986
     0.301308    0.078816
     0.292932    0.078599
     0.284612    0.078335
     0.276350    0.078025
     0.268147    0.077667
     0.260007    0.077263
     0.251933    0.076811
     0.243927    0.076312
     0.235993    0.075767
     0.228134    0.075174
     0.220354    0.074536
     0.212657    0.073851
     0.205048    0.073121
     0.197532    0.072346
     0.190114    0.071527
     0.182800    0.070665
     0.175597    0.069761
     0.168511    0.068817
     0.161551    0.067833
     0.154725    0.066813
     0.148043    0.065759
     0.141515    0.064674
     0.135151    0.063561
     0.128963    0.062423
     0.122962    0.061266
     0.117160    0.060093
     0.111567    0.058911
     0.106193    0.057724
     0.101046    0.056537
     0.096132    0.055357
     0.091455    0.054188
     0.087016    0.053034
     0.082813    0.051901
     0.078843    0.050790
     0.075098    0.049706
     0.071571    0.048650
     0.068252    0.047623
     0.065129    0.046626
     0.062192    0.045659
     0.059429    0.044722
     0.056827    0.043815
     0.054377    0.042937
     0.052067    0.042087
     0.049887    0.041263
     0.047827    0.040464
     0.045879    0.039690
     0.044033    0.038939
     0.042283    0.038210
     0.040621    0.037501
     0.039040    0.036812
     0.037536    0.036141
     0.036102    0.035488
     0.034734    0.034851
     0.033427    0.034230
     0.032177    0.033623
     0.030980    0.033029
     0.029833    0.032449
     0.028733    0.031881
     0.027676    0.031324
     0.026661    0.030779
     0.025684    0.030243
     0.024744    0.029718
     0.023838    0.029201
     0.022964    0.028694
     0.022121    0.028194
     0.021308    0.027703
     0.020522    0.027218
     0.019762    0.026741
     0.019027    0.026270
     0.018316    0.025806
     0.017628    0.025348
     0.016961    0.024895
     0.016315    0.024448
     0.015689    0.024005
     0.015082    0.023568
     0.014493    0.023135
     0.013922    0.022706
     0.013367    0.022282
     0.012829    0.021861
     0.012307    0.021444
     0.011799    0.021031
     0.011306    0.020621
     0.010828    0.020214
     0.010363    0.019810
     0.009911    0.019409
     0.009472    0.019010
     0.009046    0.018614
     0.008632    0.018221
     0.008230    0.017829
     0.007839    0.017440
     0.007460    0.017053
     0.007092    0.016667
     0.006734    0.016284
     0.006387    0.015902
     0.006051    0.015522
     0.005725    0.015143
     0.005409    0.014766
     0.005102    0.014390
     0.004806    0.014015
     0.004519    0.013641
     0.004241    0.013269
     0.003973    0.012897
     0.003714    0.012527
     0.003464    0.012158
     0.003224    0.011790
     0.002992    0.011422
     0.002769    0.011056
     0.002555    0.010690
     0.002350    0.010325
     0.002153    0.009961
     0.001965    0.009598
     0.001786    0.009236
     0.001615    0.008874
     0.001453    0.008514
     0.001300    0.008155
     0.001155    0.007796
     0.001018    0.007439
     0.000889    0.007082
     0.000769    0.006727
     0.000657    0.006373
     0.000554    0.006020
     0.000458    0.005668
     0.000371    0.005318
     0.000292    0.004969
     0.000220    0.004622
     0.000157    0.004276
     0.000101    0.003933
     0.000053    0.003591
     0.000013    0.003250
    -0.000020    0.002912
    -0.000045    0.002577
    -0.000063    0.002243
    -0.000074    0.001911
    -0.000078    0.001583
    -0.000075    0.001255
    -0.000065    0.000927
    -0.000048    0.000599
    -0.000027    0.000299
     0.000000    0.000000
     0.000021   -0.000194
     0.000043   -0.000387
     0.000088   -0.000717
     0.000141   -0.001049
     0.000201   -0.001382
     0.000268   -0.001717
     0.000344   -0.002052
     0.000427   -0.002388
     0.000519   -0.002726
     0.000618   -0.003063
     0.000727   -0.003402
     0.000843   -0.003740
     0.000968   -0.004079
     0.001101   -0.004418
     0.001244   -0.004757
     0.001394   -0.005096
     0.001554   -0.005435
     0.001722   -0.005774
     0.001900   -0.006112
     0.002086   -0.006450
     0.002281   -0.006787
     0.002485   -0.007124
     0.002698   -0.007460
     0.002919   -0.007795
     0.003150   -0.008130
     0.003390   -0.008464
     0.003640   -0.008797
     0.003898   -0.009129
     0.004165   -0.009460
     0.004442   -0.009790
     0.004728   -0.010119
     0.005023   -0.010448
     0.005328   -0.010775
     0.005642   -0.011102
     0.005966   -0.011428
     0.006300   -0.011753
     0.006643   -0.012078
     0.006997   -0.012401
     0.007360   -0.012724
     0.007734   -0.013046
     0.008118   -0.013368
     0.008513   -0.013689
     0.008918   -0.014010
     0.009334   -0.014330
     0.009762   -0.014649
     0.010201   -0.014969
     0.010651   -0.015288
     0.011114   -0.015607
     0.011588   -0.015926
     0.012076   -0.016245
     0.012576   -0.016564
     0.013090   -0.016884
     0.013617   -0.017203
     0.014159   -0.017523
     0.014715   -0.017843
     0.015286   -0.018164
     0.015873   -0.018486
     0.016477   -0.018808
     0.017097   -0.019132
     0.017734   -0.019456
     0.018390   -0.019781
     0.019065   -0.020108
     0.019760   -0.020436
     0.020475   -0.020765
     0.021212   -0.021097
     0.021972   -0.021430
     0.022755   -0.021765
     0.023563   -0.022102
     0.024398   -0.022441
     0.025260   -0.022783
     0.026152   -0.023128
     0.027074   -0.023476
     0.028029   -0.023826
     0.029018   -0.024180
     0.030044   -0.024537
     0.031108   -0.024898
     0.032215   -0.025263
     0.033365   -0.025632
     0.034562   -0.026006
     0.035809   -0.026385
     0.037111   -0.026768
     0.038470   -0.027157
     0.039892   -0.027552
     0.041381   -0.027953
     0.042942   -0.028360
     0.044582   -0.028774
     0.046307   -0.029195
     0.048123   -0.029623
     0.050040   -0.030059
     0.052066   -0.030504
     0.054211   -0.030957
     0.056485   -0.031418
     0.058901   -0.031889
     0.061472   -0.032368
     0.064212   -0.032857
     0.067136   -0.033354
     0.070261   -0.033860
     0.073605   -0.034374
     0.077184   -0.034894
     0.081019   -0.035420
     0.085126   -0.035949
     0.089521   -0.036479
     0.094221   -0.037008
     0.099235   -0.037532
     0.104574   -0.038047
     0.110240   -0.038548
     0.116233   -0.039033
     0.122547   -0.039495
     0.129175   -0.039933
     0.136103   -0.040340
     0.143316   -0.040715
     0.150800   -0.041056
     0.158537   -0.041358
     0.166512   -0.041623
     0.174709   -0.041847
     0.183113   -0.042032
     0.191712   -0.042177
     0.200494   -0.042282
     0.209448   -0.042349
     0.218564   -0.042377
     0.227833   -0.042368
     0.237249   -0.042323
     0.246802   -0.042243
     0.256488   -0.042130
     0.266300   -0.041984
     0.276233   -0.041809
     0.286281   -0.041604
     0.296439   -0.041373
     0.306703   -0.041115
     0.317068   -0.040834
     0.327528   -0.040530
     0.338077   -0.040205
     0.348708   -0.039862
     0.359412   -0.039501
     0.370175   -0.039125
     0.380975   -0.038737
     0.391782   -0.038339
     0.402544   -0.037934
     0.413212   -0.037518
     0.423833   -0.037083
     0.434444   -0.036629
     0.445069   -0.036156
     0.455720   -0.035665
     0.466403   -0.035157
     0.477124   -0.034631
     0.487883   -0.034088
     0.498681   -0.033531
     0.509517   -0.032958
     0.520391   -0.032372
     0.531300   -0.031772
     0.542245   -0.031160
     0.553224   -0.030536
     0.564234   -0.029901
     0.575274   -0.029256
     0.586343   -0.028602
     0.597439   -0.027938
     0.608560   -0.027266
     0.619705   -0.026586
     0.630872   -0.025899
     0.642060   -0.025205
     0.653268   -0.024505
     0.664492   -0.023799
     0.675733   -0.023088
     0.686988   -0.022373
     0.698256   -0.021652
     0.709535   -0.020928
     0.720824   -0.020200
     0.732121   -0.019468
     0.743423   -0.018733
     0.754730   -0.017996
     0.766038   -0.017255
     0.777344   -0.016513
     0.788644   -0.015768
     0.799931   -0.015022
     0.811194   -0.014275
     0.822419   -0.013528
     0.833579   -0.012782
     0.844637   -0.012041
     0.855531   -0.011309
     0.866175   -0.010591
     0.876449   -0.009895
     0.886206   -0.009231
     0.895297   -0.008611
     0.903599   -0.008042
     0.911048   -0.007530
     0.917649   -0.007075
     0.923460   -0.006673
     0.928568   -0.006318
     0.933072   -0.006005
     0.937061   -0.005727
     0.940617   -0.005479
     0.943808   -0.005256
     0.946691   -0.005054
     0.949311   -0.004870
     0.951707   -0.004702
     0.953910   -0.004547
     0.955946   -0.004403
     0.957835   -0.004270
     0.959597   -0.004145
     0.961246   -0.004029
     0.962794   -0.003919
     0.964252   -0.003816
     0.965629   -0.003718
     0.966934   -0.003626
     0.968172   -0.003538
     0.969351   -0.003454
     0.970475   -0.003374
     0.971549   -0.003297
     0.972577   -0.003224
     0.973562   -0.003154
     0.974509   -0.003086
     0.975419   -0.003021
     0.976296   -0.002959
     0.977141   -0.002898
     0.977958   -0.002840
     0.978747   -0.002784
     0.979510   -0.002729
     0.980249   -0.002676
     0.980965   -0.002625
     0.981659   -0.002575
     0.982333   -0.002527
     0.982989   -0.002480
     0.983625   -0.002434
     0.984244   -0.002389
     0.984848   -0.002346
     0.985435   -0.002304
     0.986007   -0.002263
     0.986566   -0.002223
     0.987111   -0.002183
     0.987643   -0.002145
     0.988163   -0.002108
     0.988672   -0.002071
     0.989169   -0.002035
     0.989656   -0.002000
     0.990133   -0.001966
     0.990600   -0.001932
     0.991058   -0.001899
     0.991359   -0.001877
