     0.991838    0.003546
     0.991541    0.003627
     0.991089    0.003751
     0.990628    0.003877
     0.990157    0.004006
     0.989676    0.004137
     0.989185    0.004271
     0.988682    0.004408
     0.988168    0.004548
     0.987642    0.004692
     0.987103    0.004838
     0.986551    0.004988
     0.985984    0.005142
     0.985403    0.005300
     0.984806    0.005462
     0.984192    0.005628
     0.983561    0.005799
     0.982912    0.005975
     0.982243    0.006155
     0.981554    0.006341
     0.980843    0.006533
     0.980109    0.006730
     0.979351    0.006934
     0.978567    0.007145
     0.977755    0.007363
     0.976915    0.007588
     0.976042    0.007821
     0.975136    0.008064
     0.974193    0.008315
     0.973211    0.008577
     0.972187    0.008849
     0.971116    0.009134
     0.969995    0.009431
     0.968818    0.009742
     0.967582    0.010069
     0.966279    0.010412
     0.964903    0.010774
     0.963447    0.011157
     0.961900    0.011562
     0.960254    0.011992
     0.958494    0.012451
     0.956609    0.012941
     0.954579    0.013466
     0.952386    0.014033
     0.950005    0.014645
     0.947409    0.015310
     0.944564    0.016036
     0.941430    0.016832
     0.937962    0.017709
     0.934106    0.018677
     0.929804    0.019751
     0.924995    0.020943
     0.919622    0.022263
     0.913642    0.023720
     0.907034    0.025313
     0.899817    0.027034
     0.892042    0.028865
     0.883793    0.030783
     0.875163    0.032761
     0.866246    0.034776
     0.857119    0.036808
     0.847844    0.038840
     0.838466    0.040862
     0.829018    0.042866
     0.819521    0.044847
     0.809989    0.046802
     0.800433    0.048729
     0.790860    0.050625
     0.781274    0.052490
     0.771678    0.054324
     0.762075    0.056125
     0.752466    0.057894
     0.742854    0.059630
     0.733239    0.061332
     0.723622    0.063001
     0.714005    0.064636
     0.704388    0.066237
     0.694772    0.067804
     0.685159    0.069337
     0.675548    0.070835
     0.665942    0.072298
     0.656340    0.073725
     0.646745    0.075118
     0.637155    0.076474
     0.627574    0.077795
     0.618001    0.079080
     0.608437    0.080328
     0.598883    0.081539
     0.589341    0.082713
     0.579811    0.083850
     0.570294    0.084949
     0.560791    0.086010
     0.551303    0.087034
     0.541832    0.088018
     0.532378    0.088964
     0.522942    0.089870
     0.513527    0.090737
     0.504132    0.091564
     0.494762    0.092350
     0.485416    0.093096
     0.476098    0.093801
     0.466812    0.094465
     0.457563    0.095086
     0.448356    0.095665
     0.439202    0.096200
     0.430113    0.096692
     0.421109    0.097140
     0.412215    0.097543
     0.403467    0.097900
     0.394908    0.098204
     0.386496    0.098448
     0.378188    0.098633
     0.369958    0.098763
     0.361791    0.098838
     0.353676    0.098858
     0.345607    0.098824
     0.337581    0.098737
     0.329595    0.098595
     0.321648    0.098400
     0.313740    0.098152
     0.305873    0.097850
     0.298046    0.097494
     0.290260    0.097085
     0.282518    0.096623
     0.274822    0.096107
     0.267171    0.095539
     0.259570    0.094917
     0.252020    0.094244
     0.244522    0.093517
     0.237081    0.092739
     0.229698    0.091910
     0.222377    0.091029
     0.215120    0.090098
     0.207931    0.089117
     0.200813    0.088087
     0.193771    0.087009
     0.186809    0.085884
     0.179931    0.084713
     0.173144    0.083497
     0.166452    0.082239
     0.159861    0.080940
     0.153380    0.079602
     0.147015    0.078228
     0.140774    0.076821
     0.134667    0.075385
     0.128703    0.073924
     0.122892    0.072441
     0.117243    0.070942
     0.111768    0.069432
     0.106476    0.067917
     0.101377    0.066403
     0.096478    0.064896
     0.091787    0.063401
     0.087308    0.061925
     0.083043    0.060473
     0.078994    0.059050
     0.075157    0.057659
     0.071529    0.056304
     0.068104    0.054987
     0.064874    0.053709
     0.061830    0.052472
     0.058963    0.051274
     0.056263    0.050118
     0.053719    0.049000
     0.051321    0.047921
     0.049060    0.046879
     0.046927    0.045872
     0.044911    0.044899
     0.043004    0.043959
     0.041199    0.043049
     0.039489    0.042169
     0.037865    0.041315
     0.036323    0.040488
     0.034856    0.039685
     0.033460    0.038906
     0.032128    0.038148
     0.030858    0.037411
     0.029644    0.036693
     0.028483    0.035993
     0.027371    0.035311
     0.026306    0.034645
     0.025285    0.033994
     0.024304    0.033358
     0.023362    0.032735
     0.022456    0.032126
     0.021585    0.031529
     0.020746    0.030943
     0.019937    0.030368
     0.019157    0.029804
     0.018405    0.029250
     0.017679    0.028705
     0.016978    0.028169
     0.016300    0.027642
     0.015645    0.027123
     0.015011    0.026611
     0.014398    0.026107
     0.013805    0.025609
     0.013230    0.025119
     0.012674    0.024634
     0.012135    0.024156
     0.011613    0.023683
     0.011106    0.023215
     0.010616    0.022753
     0.010140    0.022296
     0.009679    0.021843
     0.009231    0.021395
     0.008798    0.020951
     0.008377    0.020511
     0.007969    0.020076
     0.007574    0.019643
     0.007190    0.019215
     0.006819    0.018790
     0.006459    0.018368
     0.006110    0.017949
     0.005772    0.017533
     0.005444    0.017120
     0.005127    0.016709
     0.004821    0.016302
     0.004524    0.015896
     0.004238    0.015493
     0.003961    0.015093
     0.003693    0.014694
     0.003435    0.014298
     0.003187    0.013904
     0.002948    0.013511
     0.002717    0.013121
     0.002496    0.012733
     0.002284    0.012346
     0.002080    0.011961
     0.001886    0.011578
     0.001700    0.011196
     0.001522    0.010816
     0.001354    0.010438
     0.001193    0.010061
     0.001041    0.009686
     0.000898    0.009313
     0.000763    0.008941
     0.000636    0.008571
     0.000518    0.008203
     0.000408    0.007837
     0.000306    0.007472
     0.000212    0.007109
     0.000126    0.006748
     0.000048    0.006388
    -0.000021    0.006031
    -0.000083    0.005676
    -0.000137    0.005323
    -0.000183    0.004972
    -0.000221    0.004624
    -0.000252    0.004278
    -0.000275    0.003934
    -0.000290    0.003593
    -0.000299    0.003254
    -0.000300    0.002918
    -0.000294    0.002582
    -0.000280    0.002248
    -0.000260    0.001915
    -0.000232    0.001582
    -0.000197    0.001251
    -0.000155    0.000921
    -0.000107    0.000592
    -0.000056    0.000296
     0.000000    0.000000
     0.000040   -0.000193
     0.000082   -0.000385
     0.000160   -0.000711
     0.000245   -0.001038
     0.000338   -0.001365
     0.000439   -0.001692
     0.000548   -0.002020
     0.000666   -0.002348
     0.000792   -0.002676
     0.000926   -0.003004
     0.001068   -0.003332
     0.001220   -0.003659
     0.001380   -0.003985
     0.001548   -0.004311
     0.001726   -0.004636
     0.001912   -0.004960
     0.002107   -0.005283
     0.002311   -0.005605
     0.002524   -0.005925
     0.002746   -0.006244
     0.002977   -0.006562
     0.003217   -0.006878
     0.003466   -0.007193
     0.003724   -0.007506
     0.003992   -0.007817
     0.004268   -0.008127
     0.004553   -0.008435
     0.004848   -0.008741
     0.005152   -0.009046
     0.005465   -0.009348
     0.005788   -0.009649
     0.006120   -0.009948
     0.006462   -0.010246
     0.006813   -0.010541
     0.007174   -0.010835
     0.007544   -0.011127
     0.007925   -0.011417
     0.008316   -0.011706
     0.008716   -0.011993
     0.009128   -0.012279
     0.009550   -0.012563
     0.009982   -0.012845
     0.010426   -0.013126
     0.010881   -0.013406
     0.011347   -0.013684
     0.011825   -0.013961
     0.012315   -0.014237
     0.012818   -0.014511
     0.013333   -0.014785
     0.013861   -0.015057
     0.014403   -0.015328
     0.014958   -0.015599
     0.015528   -0.015868
     0.016113   -0.016137
     0.016713   -0.016405
     0.017328   -0.016672
     0.017961   -0.016938
     0.018611   -0.017204
     0.019278   -0.017470
     0.019964   -0.017735
     0.020670   -0.018000
     0.021395   -0.018264
     0.022142   -0.018528
     0.022912   -0.018792
     0.023704   -0.019056
     0.024521   -0.019320
     0.025364   -0.019584
     0.026234   -0.019848
     0.027132   -0.020113
     0.028061   -0.020377
     0.029021   -0.020642
     0.030016   -0.020908
     0.031047   -0.021173
     0.032116   -0.021440
     0.033225   -0.021707
     0.034378   -0.021975
     0.035578   -0.022244
     0.036827   -0.022513
     0.038130   -0.022783
     0.039491   -0.023054
     0.040913   -0.023326
     0.042402   -0.023599
     0.043964   -0.023873
     0.045605   -0.024148
     0.047330   -0.024424
     0.049149   -0.024700
     0.051069   -0.024977
     0.053100   -0.025254
     0.055252   -0.025532
     0.057539   -0.025809
     0.059972   -0.026085
     0.062567   -0.026359
     0.065342   -0.026632
     0.068313   -0.026901
     0.071501   -0.027165
     0.074927   -0.027423
     0.078615   -0.027672
     0.082588   -0.027910
     0.086873   -0.028135
     0.091492   -0.028342
     0.096469   -0.028529
     0.101824   -0.028690
     0.107571   -0.028822
     0.113721   -0.028920
     0.120278   -0.028981
     0.127239   -0.029000
     0.134594   -0.028975
     0.142329   -0.028903
     0.150427   -0.028783
     0.158869   -0.028615
     0.167632   -0.028400
     0.176698   -0.028139
     0.186047   -0.027833
     0.195661   -0.027485
     0.205526   -0.027098
     0.215624   -0.026675
     0.225943   -0.026219
     0.236469   -0.025734
     0.247186   -0.025224
     0.258077   -0.024693
     0.269120   -0.024144
     0.280280   -0.023585
     0.291509   -0.023019
     0.302740   -0.022455
     0.313923   -0.021898
     0.325035   -0.021351
     0.336067   -0.020817
     0.347020   -0.020300
     0.357902   -0.019799
     0.368724   -0.019317
     0.379509   -0.018855
     0.390285   -0.018412
     0.401101   -0.017989
     0.412042   -0.017570
     0.423100   -0.017137
     0.434252   -0.016694
     0.445485   -0.016240
     0.456785   -0.015779
     0.468144   -0.015311
     0.479549   -0.014839
     0.490989   -0.014364
     0.502443   -0.013888
     0.513890   -0.013413
     0.525316   -0.012940
     0.536713   -0.012472
     0.548080   -0.012008
     0.559415   -0.011550
     0.570719   -0.011098
     0.581993   -0.010653
     0.593239   -0.010215
     0.604459   -0.009786
     0.615654   -0.009365
     0.626826   -0.008953
     0.637978   -0.008550
     0.649110   -0.008157
     0.660225   -0.007773
     0.671325   -0.007400
     0.682410   -0.007037
     0.693482   -0.006685
     0.704543   -0.006344
     0.715595   -0.006013
     0.726638   -0.005694
     0.737673   -0.005385
     0.748702   -0.005089
     0.759725   -0.004803
     0.770741   -0.004529
     0.781751   -0.004266
     0.792751   -0.004015
     0.803737   -0.003775
     0.814701   -0.003547
     0.825629   -0.003331
     0.836496   -0.003127
     0.847264   -0.002936
     0.857873   -0.002757
     0.868238   -0.002593
     0.878240   -0.002443
     0.887739   -0.002308
     0.896591   -0.002190
     0.904681   -0.002087
     0.911951   -0.002000
     0.918406   -0.001925
     0.924103   -0.001863
     0.929123   -0.001809
     0.933559   -0.001764
     0.937497   -0.001725
     0.941014   -0.001691
     0.944175   -0.001661
     0.947034   -0.001635
     0.949636   -0.001612
     0.952018   -0.001591
     0.954210   -0.001572
     0.956237   -0.001554
     0.958120   -0.001539
     0.959877   -0.001524
     0.961521   -0.001511
     0.963066   -0.001498
     0.964522   -0.001487
     0.965897   -0.001476
     0.967200   -0.001466
     0.968438   -0.001457
     0.969616   -0.001448
     0.970740   -0.001439
     0.971814   -0.001431
     0.972842   -0.001424
     0.973828   -0.001417
     0.974775   -0.001410
     0.975686   -0.001403
     0.976564   -0.001397
     0.977410   -0.001391
     0.978227   -0.001385
     0.979017   -0.001380
     0.979781   -0.001375
     0.980521   -0.001370
     0.981238   -0.001365
     0.981934   -0.001360
     0.982609   -0.001355
     0.983265   -0.001351
     0.983903   -0.001347
     0.984523   -0.001343
     0.985127   -0.001339
     0.985715   -0.001335
     0.986289   -0.001331
     0.986848   -0.001328
     0.987395   -0.001324
     0.987928   -0.001321
     0.988450   -0.001317
     0.988959   -0.001314
     0.989458   -0.001311
     0.989946   -0.001308
     0.990425   -0.001305
     0.990893   -0.001302
     0.991201   -0.001300
