naca 6412                                       
 Alfa =   0.00000 Re =        0.000 Xflap,Yflap =     0.000000    0.000000
#    x        y        Cp  
   0.99199  0.00408  0.39905
   0.99169  0.00419  0.38486
   0.99123  0.00434  0.34290
   0.99075  0.00451  0.32520
   0.99027  0.00467  0.30612
   0.98978  0.00484  0.31275
   0.98927  0.00501  0.27312
   0.98875  0.00519  0.26739
   0.98822  0.00537  0.26022
   0.98768  0.00555  0.25727
   0.98713  0.00574  0.23670
   0.98656  0.00594  0.23549
   0.98597  0.00613  0.22095
   0.98537  0.00634  0.21906
   0.98475  0.00655  0.21165
   0.98412  0.00676  0.20128
   0.98346  0.00698  0.19503
   0.98279  0.00721  0.18594
   0.98209  0.00745  0.19259
   0.98137  0.00769  0.15976
   0.98063  0.00794  0.18016
   0.97987  0.00819  0.15531
   0.97908  0.00846  0.14909
   0.97826  0.00873  0.16160
   0.97740  0.00902  0.13764
   0.97652  0.00931  0.13402
   0.97560  0.00962  0.12224
   0.97465  0.00994  0.12688
   0.97365  0.01027  0.11406
   0.97261  0.01062  0.10167
   0.97153  0.01098  0.11276
   0.97039  0.01135  0.09208
   0.96919  0.01175  0.08600
   0.96793  0.01216  0.08499
   0.96660  0.01260  0.07389
   0.96520  0.01306  0.06504
   0.96371  0.01355  0.05951
   0.96214  0.01406  0.05088
   0.96045  0.01461  0.03788
   0.95865  0.01520  0.04169
   0.95672  0.01582  0.02359
   0.95464  0.01649  0.01985
   0.95239  0.01722  0.00695
   0.94994  0.01800 -0.00219
   0.94727  0.01885 -0.01018
   0.94434  0.01978 -0.02401
   0.94112  0.02080 -0.03617
   0.93755  0.02192 -0.04441
   0.93359  0.02316 -0.06292
   0.92919  0.02452 -0.07455
   0.92428  0.02603 -0.09088
   0.91882  0.02769 -0.10604
   0.91279  0.02951 -0.12156
   0.90619  0.03149 -0.14213
   0.89903  0.03360 -0.16025
   0.89138  0.03583 -0.17881
   0.88333  0.03814 -0.19822
   0.87495  0.04051 -0.21744
   0.86632  0.04292 -0.23674
   0.85751  0.04534 -0.25627
   0.84857  0.04775 -0.27371
   0.83955  0.05015 -0.29209
   0.83045  0.05252 -0.30898
   0.82131  0.05487 -0.32780
   0.81214  0.05718 -0.34305
   0.80294  0.05946 -0.35876
   0.79373  0.06170 -0.37684
   0.78450  0.06391 -0.39115
   0.77526  0.06607 -0.40672
   0.76600  0.06820 -0.42101
   0.75674  0.07029 -0.43699
   0.74748  0.07233 -0.45012
   0.73821  0.07434 -0.46504
   0.72893  0.07631 -0.47953
   0.71965  0.07823 -0.49219
   0.71037  0.08012 -0.50529
   0.70109  0.08196 -0.51966
   0.69181  0.08376 -0.53216
   0.68252  0.08552 -0.54505
   0.67324  0.08724 -0.55782
   0.66396  0.08892 -0.57063
   0.65468  0.09055 -0.58224
   0.64540  0.09214 -0.59449
   0.63613  0.09369 -0.60778
   0.62687  0.09519 -0.61888
   0.61760  0.09665 -0.63017
   0.60835  0.09807 -0.64315
   0.59910  0.09945 -0.65279
   0.58986  0.10078 -0.66662
   0.58063  0.10206 -0.67707
   0.57141  0.10330 -0.68754
   0.56220  0.10450 -0.69980
   0.55300  0.10565 -0.71037
   0.54381  0.10675 -0.72138
   0.53464  0.10781 -0.73296
   0.52548  0.10883 -0.74407
   0.51634  0.10979 -0.75420
   0.50721  0.11072 -0.76589
   0.49811  0.11159 -0.77734
   0.48902  0.11242 -0.78798
   0.47996  0.11320 -0.79802
   0.47093  0.11393 -0.81115
   0.46193  0.11461 -0.82145
   0.45297  0.11524 -0.83482
   0.44406  0.11583 -0.84485
   0.43521  0.11636 -0.85765
   0.42645  0.11685 -0.87146
   0.41779  0.11728 -0.88554
   0.40928  0.11766 -0.90043
   0.40095  0.11799 -0.92202
   0.39284  0.11826 -0.94222
   0.38488  0.11845 -0.95272
   0.37703  0.11858 -0.96615
   0.36925  0.11865 -0.97515
   0.36154  0.11865 -0.98291
   0.35387  0.11860 -0.99066
   0.34625  0.11848 -0.99750
   0.33867  0.11830 -1.00120
   0.33112  0.11806 -1.00767
   0.32360  0.11776 -1.01024
   0.31612  0.11741 -1.01371
   0.30866  0.11699 -1.01605
   0.30124  0.11651 -1.01814
   0.29386  0.11597 -1.01754
   0.28650  0.11538 -1.01914
   0.27919  0.11472 -1.01582
   0.27190  0.11401 -1.01784
   0.26466  0.11324 -1.01455
   0.25746  0.11241 -1.01211
   0.25030  0.11152 -1.00918
   0.24318  0.11058 -1.00433
   0.23610  0.10958 -1.00155
   0.22908  0.10852 -0.99393
   0.22210  0.10740 -0.99020
   0.21518  0.10624 -0.98180
   0.20831  0.10501 -0.97426
   0.20150  0.10374 -0.96880
   0.19475  0.10241 -0.95743
   0.18806  0.10102 -0.95067
   0.18145  0.09959 -0.93872
   0.17490  0.09811 -0.92869
   0.16844  0.09659 -0.91681
   0.16205  0.09501 -0.90573
   0.15575  0.09340 -0.89205
   0.14955  0.09174 -0.88052
   0.14345  0.09004 -0.86441
   0.13745  0.08831 -0.85181
   0.13157  0.08655 -0.83500
   0.12581  0.08476 -0.81978
   0.12018  0.08295 -0.80411
   0.11470  0.08112 -0.78724
   0.10936  0.07928 -0.76980
   0.10419  0.07744 -0.74990
   0.09918  0.07559 -0.73482
   0.09436  0.07376 -0.71259
   0.08972  0.07194 -0.69721
   0.08528  0.07014 -0.67448
   0.08103  0.06837 -0.65815
   0.07699  0.06663 -0.64076
   0.07314  0.06493 -0.61717
   0.06950  0.06327 -0.59705
   0.06605  0.06167 -0.58162
   0.06279  0.06011 -0.55859
   0.05971  0.05860 -0.54101
   0.05681  0.05714 -0.52377
   0.05408  0.05573 -0.50299
   0.05151  0.05437 -0.48754
   0.04909  0.05306 -0.46625
   0.04680  0.05180 -0.44862
   0.04465  0.05058 -0.43056
   0.04261  0.04941 -0.41248
   0.04069  0.04828 -0.39539
   0.03888  0.04719 -0.37879
   0.03716  0.04613 -0.36265
   0.03553  0.04511 -0.34184
   0.03399  0.04413 -0.32381
   0.03252  0.04318 -0.31033
   0.03113  0.04226 -0.29668
   0.02980  0.04136 -0.27347
   0.02854  0.04049 -0.26340
   0.02733  0.03965 -0.24289
   0.02618  0.03883 -0.22995
   0.02508  0.03803 -0.21127
   0.02403  0.03726 -0.19274
   0.02303  0.03650 -0.18239
   0.02206  0.03577 -0.15899
   0.02114  0.03505 -0.14238
   0.02025  0.03434 -0.13747
   0.01940  0.03366 -0.10860
   0.01858  0.03298 -0.09863
   0.01779  0.03233 -0.07758
   0.01703  0.03168 -0.07109
   0.01630  0.03105 -0.04361
   0.01560  0.03043 -0.03569
   0.01492  0.02982 -0.01165
   0.01427  0.02923  0.00474
   0.01363  0.02864  0.01185
   0.01302  0.02806  0.04081
   0.01244  0.02750  0.04821
   0.01187  0.02694  0.07950
   0.01132  0.02639  0.08491
   0.01079  0.02585  0.10044
   0.01027  0.02531  0.12732
   0.00978  0.02478  0.13990
   0.00930  0.02427  0.16501
   0.00883  0.02375  0.17306
   0.00838  0.02325  0.19497
   0.00795  0.02275  0.21776
   0.00753  0.02225  0.23157
   0.00712  0.02176  0.25236
   0.00673  0.02128  0.26803
   0.00635  0.02080  0.29511
   0.00598  0.02033  0.30604
   0.00562  0.01986  0.33470
   0.00528  0.01940  0.35071
   0.00494  0.01894  0.36449
   0.00462  0.01848  0.38893
   0.00431  0.01803  0.41808
   0.00401  0.01758  0.41983
   0.00372  0.01714  0.46267
   0.00345  0.01670  0.47013
   0.00318  0.01626  0.48980
   0.00292  0.01583  0.50669
   0.00267  0.01540  0.55157
   0.00243  0.01497  0.55070
   0.00220  0.01455  0.57582
   0.00198  0.01412  0.60311
   0.00177  0.01371  0.62173
   0.00157  0.01329  0.64662
   0.00138  0.01288  0.66025
   0.00120  0.01247  0.68744
   0.00102  0.01206  0.70253
   0.00086  0.01165  0.72617
   0.00070  0.01125  0.74811
   0.00056  0.01085  0.77093
   0.00042  0.01045  0.78767
   0.00029  0.01005  0.80740
   0.00017  0.00966  0.82534
   0.00006  0.00927  0.84725
  -0.00005  0.00888  0.86497
  -0.00014  0.00850  0.87501
  -0.00023  0.00811  0.89884
  -0.00031  0.00773  0.91031
  -0.00038  0.00735  0.92895
  -0.00044  0.00698  0.93652
  -0.00049  0.00660  0.94969
  -0.00054  0.00623  0.96136
  -0.00057  0.00586  0.97403
  -0.00060  0.00550  0.97997
  -0.00062  0.00514  0.98683
  -0.00063  0.00478  0.99246
  -0.00064  0.00442  0.99723
  -0.00064  0.00407  0.99908
  -0.00062  0.00372  0.99994
  -0.00061  0.00337  0.99897
  -0.00058  0.00302  0.99697
  -0.00054  0.00267  0.99290
  -0.00050  0.00233  0.98718
  -0.00045  0.00199  0.98144
  -0.00040  0.00165  0.96841
  -0.00033  0.00132  0.96072
  -0.00026  0.00099  0.94436
  -0.00018  0.00066  0.93730
  -0.00010  0.00033  0.91872
  -0.00005  0.00017  0.90814
   0.00000  0.00000  0.90571
   0.00010 -0.00032  0.88363
   0.00020 -0.00063  0.86120
   0.00032 -0.00095  0.84828
   0.00044 -0.00127  0.82255
   0.00058 -0.00159  0.79789
   0.00072 -0.00191  0.77446
   0.00087 -0.00223  0.74549
   0.00103 -0.00255  0.71408
   0.00119 -0.00287  0.69773
   0.00137 -0.00318  0.65496
   0.00155 -0.00350  0.63646
   0.00174 -0.00381  0.60687
   0.00195 -0.00412  0.56571
   0.00216 -0.00443  0.53356
   0.00238 -0.00474  0.51495
   0.00261 -0.00504  0.46442
   0.00285 -0.00535  0.46448
   0.00309 -0.00565  0.39973
   0.00335 -0.00595  0.39346
   0.00362 -0.00624  0.34873
   0.00389 -0.00654  0.31723
   0.00417 -0.00683  0.30460
   0.00447 -0.00712  0.26269
   0.00477 -0.00740  0.22988
   0.00508 -0.00769  0.20306
   0.00540 -0.00797  0.18986
   0.00573 -0.00825  0.15819
   0.00607 -0.00852  0.11578
   0.00642 -0.00880  0.11666
   0.00678 -0.00906  0.08875
   0.00715 -0.00933  0.05493
   0.00752 -0.00960  0.04577
   0.00791 -0.00986  0.00467
   0.00831 -0.01012  0.01294
   0.00872 -0.01037 -0.02754
   0.00913 -0.01063 -0.02498
   0.00956 -0.01088 -0.05914
   0.01000 -0.01113 -0.07117
   0.01045 -0.01137 -0.08886
   0.01090 -0.01162 -0.10222
   0.01137 -0.01186 -0.11120
   0.01186 -0.01210 -0.13267
   0.01235 -0.01233 -0.12435
   0.01285 -0.01256 -0.15870
   0.01337 -0.01280 -0.16115
   0.01390 -0.01302 -0.16438
   0.01444 -0.01325 -0.18606
   0.01500 -0.01347 -0.18911
   0.01556 -0.01370 -0.20162
   0.01615 -0.01392 -0.19635
   0.01674 -0.01413 -0.21639
   0.01736 -0.01435 -0.21717
   0.01798 -0.01456 -0.22501
   0.01863 -0.01477 -0.23247
   0.01929 -0.01498 -0.23197
   0.01997 -0.01519 -0.24479
   0.02066 -0.01539 -0.23923
   0.02138 -0.01560 -0.23982
   0.02211 -0.01580 -0.26202
   0.02287 -0.01599 -0.24384
   0.02365 -0.01619 -0.25955
   0.02445 -0.01639 -0.26327
   0.02527 -0.01658 -0.25706
   0.02612 -0.01677 -0.25167
   0.02700 -0.01696 -0.26991
   0.02790 -0.01714 -0.26422
   0.02883 -0.01733 -0.25806
   0.02980 -0.01751 -0.26684
   0.03080 -0.01769 -0.25747
   0.03183 -0.01786 -0.26522
   0.03290 -0.01804 -0.25839
   0.03402 -0.01821 -0.26058
   0.03517 -0.01838 -0.25621
   0.03637 -0.01855 -0.25657
   0.03762 -0.01871 -0.25139
   0.03892 -0.01887 -0.25267
   0.04028 -0.01902 -0.24563
   0.04170 -0.01918 -0.24475
   0.04319 -0.01932 -0.24424
   0.04475 -0.01947 -0.23374
   0.04639 -0.01961 -0.23606
   0.04811 -0.01974 -0.22691
   0.04993 -0.01987 -0.22592
   0.05185 -0.01999 -0.21567
   0.05388 -0.02010 -0.21547
   0.05604 -0.02020 -0.20794
   0.05834 -0.02029 -0.20224
   0.06078 -0.02038 -0.19217
   0.06340 -0.02044 -0.18791
   0.06620 -0.02050 -0.18137
   0.06921 -0.02053 -0.17035
   0.07245 -0.02055 -0.16281
   0.07596 -0.02054 -0.15425
   0.07975 -0.02050 -0.14251
   0.08386 -0.02044 -0.13482
   0.08832 -0.02033 -0.12127
   0.09318 -0.02018 -0.11211
   0.09846 -0.01999 -0.09927
   0.10419 -0.01974 -0.08366
   0.11041 -0.01943 -0.07305
   0.11713 -0.01905 -0.05850
   0.12436 -0.01861 -0.04361
   0.13210 -0.01809 -0.02984
   0.14034 -0.01750 -0.01367
   0.14907 -0.01684  0.00047
   0.15826 -0.01610  0.01587
   0.16789 -0.01531  0.03094
   0.17791 -0.01445  0.04482
   0.18828 -0.01354  0.05965
   0.19896 -0.01260  0.07363
   0.20986 -0.01162  0.08676
   0.22088 -0.01063  0.09978
   0.23190 -0.00965  0.11198
   0.24284 -0.00868  0.12187
   0.25367 -0.00773  0.13292
   0.26437 -0.00682  0.14269
   0.27494 -0.00593  0.15066
   0.28539 -0.00508  0.15913
   0.29572 -0.00427  0.16646
   0.30595 -0.00349  0.17332
   0.31608 -0.00275  0.17859
   0.32613 -0.00205  0.18401
   0.33611 -0.00138  0.18962
   0.34603 -0.00075  0.19397
   0.35590 -0.00017  0.19668
   0.36576  0.00038  0.19978
   0.37563  0.00089  0.20260
   0.38556  0.00136  0.20164
   0.39563  0.00180  0.20299
   0.40600  0.00220  0.19611
   0.41672  0.00260  0.19471
   0.42766  0.00301  0.19487
   0.43872  0.00341  0.19507
   0.44983  0.00381  0.19594
   0.46096  0.00420  0.19828
   0.47207  0.00458  0.19866
   0.48315  0.00495  0.20070
   0.49421  0.00530  0.20306
   0.50523  0.00563  0.20448
   0.51621  0.00596  0.20653
   0.52716  0.00626  0.20801
   0.53808  0.00655  0.21098
   0.54896  0.00682  0.21128
   0.55981  0.00708  0.21384
   0.57064  0.00731  0.21569
   0.58144  0.00752  0.21656
   0.59221  0.00772  0.21931
   0.60296  0.00790  0.22020
   0.61369  0.00805  0.22180
   0.62441  0.00819  0.22314
   0.63510  0.00830  0.22456
   0.64578  0.00840  0.22611
   0.65644  0.00847  0.22616
   0.66709  0.00852  0.22809
   0.67772  0.00855  0.22901
   0.68835  0.00855  0.23030
   0.69896  0.00854  0.23064
   0.70957  0.00850  0.23179
   0.72017  0.00844  0.23219
   0.73076  0.00836  0.23293
   0.74135  0.00825  0.23378
   0.75193  0.00812  0.23409
   0.76251  0.00797  0.23401
   0.77308  0.00780  0.23585
   0.78364  0.00760  0.23443
   0.79420  0.00738  0.23640
   0.80474  0.00714  0.23541
   0.81527  0.00688  0.23629
   0.82575  0.00659  0.23701
   0.83619  0.00629  0.23646
   0.84653  0.00597  0.23752
   0.85674  0.00562  0.23688
   0.86673  0.00527  0.23852
   0.87642  0.00491  0.23845
   0.88568  0.00455  0.23874
   0.89439  0.00419  0.23844
   0.90244  0.00385  0.24329
   0.90975  0.00352  0.24061
   0.91631  0.00323  0.24222
   0.92215  0.00296  0.24409
   0.92733  0.00271  0.24596
   0.93192  0.00249  0.24616
   0.93601  0.00229  0.24595
   0.93967  0.00210  0.24863
   0.94296  0.00194  0.25199
   0.94594  0.00178  0.25058
   0.94865  0.00164  0.25175
   0.95113  0.00152  0.25590
   0.95341  0.00140  0.25696
   0.95551  0.00128  0.25456
   0.95747  0.00118  0.26002
   0.95929  0.00108  0.26223
   0.96100  0.00099  0.25721
   0.96260  0.00090  0.26561
   0.96410  0.00082  0.26546
   0.96553  0.00074  0.25949
   0.96687  0.00067  0.27353
   0.96815  0.00060  0.26636
   0.96937  0.00053  0.27046
   0.97053  0.00047  0.27241
   0.97163  0.00040  0.27585
   0.97269  0.00035  0.27489
   0.97371  0.00029  0.28029
   0.97468  0.00023  0.27742
   0.97562  0.00018  0.28255
   0.97652  0.00013  0.27369
   0.97739  0.00008  0.29112
   0.97823  0.00003  0.29539
   0.97904 -0.00001  0.28543
   0.97983 -0.00006  0.28544
   0.98059 -0.00010  0.29415
   0.98132 -0.00015  0.31021
   0.98204 -0.00019  0.30043
   0.98273 -0.00023  0.29751
   0.98340 -0.00027  0.30856
   0.98405 -0.00030  0.30926
   0.98469 -0.00034  0.31382
   0.98531 -0.00038  0.31615
   0.98591 -0.00041  0.30544
   0.98650 -0.00045  0.33769
   0.98707 -0.00048  0.31984
   0.98763 -0.00051  0.33181
   0.98817 -0.00054  0.34613
   0.98871 -0.00058  0.35903
   0.98923 -0.00061  0.34053
   0.98974 -0.00064  0.36215
   0.99024 -0.00067  0.37757
   0.99073 -0.00069  0.36614
   0.99105 -0.00071  0.39905
