     0.991519    0.002444
     0.990060    0.002646
     0.987805    0.002958
     0.985464    0.003281
     0.983030    0.003616
     0.980497    0.003964
     0.977858    0.004325
     0.975105    0.004700
     0.972229    0.005091
     0.969221    0.005498
     0.966070    0.005923
     0.962764    0.006367
     0.959290    0.006832
     0.955634    0.007319
     0.951780    0.007830
     0.947711    0.008367
     0.943408    0.008933
     0.938850    0.009528
     0.934016    0.010156
     0.928881    0.010820
     0.923420    0.011521
     0.917607    0.012262
     0.911415    0.013046
     0.904818    0.013876
     0.897791    0.014752
     0.890314    0.015676
     0.882370    0.016650
     0.873949    0.017672
     0.865049    0.018742
     0.855678    0.019856
     0.845853    0.021012
     0.835601    0.022203
     0.824954    0.023426
     0.813954    0.024673
     0.802641    0.025938
     0.791060    0.027216
     0.779252    0.028501
     0.767256    0.029787
     0.755107    0.031070
     0.742834    0.032346
     0.730466    0.033611
     0.718024    0.034863
     0.705526    0.036099
     0.692988    0.037318
     0.680424    0.038517
     0.667843    0.039694
     0.655256    0.040850
     0.642669    0.041981
     0.630089    0.043088
     0.617522    0.044169
     0.604972    0.045223
     0.592445    0.046250
     0.579943    0.047247
     0.567471    0.048216
     0.555033    0.049153
     0.542631    0.050059
     0.530269    0.050933
     0.517951    0.051773
     0.505681    0.052578
     0.493460    0.053348
     0.481294    0.054082
     0.469187    0.054778
     0.457141    0.055435
     0.445163    0.056052
     0.433257    0.056629
     0.421429    0.057164
     0.409685    0.057655
     0.398030    0.058103
     0.386474    0.058506
     0.375024    0.058862
     0.363690    0.059172
     0.352482    0.059434
     0.341413    0.059648
     0.330493    0.059814
     0.319739    0.059930
     0.309164    0.059998
     0.298786    0.060017
     0.288620    0.059988
     0.278685    0.059913
     0.268998    0.059792
     0.259576    0.059628
     0.250434    0.059423
     0.241588    0.059180
     0.233049    0.058901
     0.224827    0.058589
     0.216927    0.058249
     0.209354    0.057883
     0.202107    0.057495
     0.195183    0.057089
     0.188577    0.056667
     0.182280    0.056232
     0.176283    0.055787
     0.170573    0.055334
     0.165138    0.054877
     0.159965    0.054415
     0.155040    0.053951
     0.150349    0.053487
     0.145880    0.053023
     0.141618    0.052561
     0.137553    0.052100
     0.133671    0.051643
     0.129961    0.051189
     0.126413    0.050738
     0.123017    0.050291
     0.119763    0.049849
     0.116641    0.049411
     0.113645    0.048977
     0.110766    0.048548
     0.107997    0.048123
     0.105330    0.047703
     0.102761    0.047287
     0.100283    0.046875
     0.097892    0.046468
     0.095581    0.046065
     0.093347    0.045666
     0.091186    0.045270
     0.089093    0.044879
     0.087066    0.044491
     0.085100    0.044107
     0.083192    0.043727
     0.081340    0.043350
     0.079541    0.042976
     0.077792    0.042606
     0.076091    0.042238
     0.074436    0.041874
     0.072825    0.041513
     0.071255    0.041154
     0.069725    0.040798
     0.068234    0.040445
     0.066778    0.040094
     0.065358    0.039746
     0.063971    0.039400
     0.062617    0.039056
     0.061293    0.038715
     0.059999    0.038375
     0.058733    0.038038
     0.057495    0.037702
     0.056284    0.037369
     0.055097    0.037037
     0.053936    0.036706
     0.052798    0.036378
     0.051683    0.036051
     0.050590    0.035725
     0.049519    0.035401
     0.048468    0.035078
     0.047437    0.034756
     0.046426    0.034435
     0.045433    0.034116
     0.044458    0.033798
     0.043502    0.033481
     0.042562    0.033164
     0.041639    0.032849
     0.040731    0.032534
     0.039840    0.032221
     0.038964    0.031908
     0.038102    0.031595
     0.037255    0.031283
     0.036422    0.030972
     0.035603    0.030661
     0.034797    0.030351
     0.034004    0.030041
     0.033224    0.029732
     0.032456    0.029423
     0.031700    0.029114
     0.030956    0.028805
     0.030224    0.028497
     0.029503    0.028188
     0.028792    0.027880
     0.028093    0.027571
     0.027404    0.027263
     0.026726    0.026954
     0.026058    0.026646
     0.025399    0.026337
     0.024751    0.026028
     0.024112    0.025718
     0.023482    0.025409
     0.022862    0.025099
     0.022251    0.024788
     0.021649    0.024477
     0.021056    0.024165
     0.020471    0.023853
     0.019895    0.023541
     0.019328    0.023227
     0.018769    0.022913
     0.018218    0.022598
     0.017675    0.022282
     0.017140    0.021965
     0.016613    0.021648
     0.016095    0.021329
     0.015584    0.021009
     0.015080    0.020688
     0.014585    0.020366
     0.014097    0.020043
     0.013616    0.019719
     0.013143    0.019393
     0.012678    0.019066
     0.012220    0.018737
     0.011770    0.018407
     0.011327    0.018076
     0.010891    0.017743
     0.010463    0.017408
     0.010042    0.017071
     0.009629    0.016733
     0.009223    0.016393
     0.008825    0.016051
     0.008434    0.015707
     0.008051    0.015362
     0.007675    0.015014
     0.007307    0.014664
     0.006947    0.014312
     0.006594    0.013958
     0.006250    0.013602
     0.005913    0.013244
     0.005584    0.012883
     0.005263    0.012520
     0.004951    0.012155
     0.004647    0.011788
     0.004351    0.011418
     0.004064    0.011046
     0.003786    0.010671
     0.003516    0.010294
     0.003255    0.009915
     0.003004    0.009534
     0.002761    0.009150
     0.002528    0.008765
     0.002305    0.008377
     0.002091    0.007987
     0.001887    0.007595
     0.001693    0.007202
     0.001510    0.006807
     0.001336    0.006410
     0.001173    0.006012
     0.001020    0.005612
     0.000878    0.005211
     0.000746    0.004810
     0.000625    0.004408
     0.000515    0.004005
     0.000416    0.003602
     0.000327    0.003199
     0.000250    0.002796
     0.000183    0.002393
     0.000126    0.001991
     0.000080    0.001590
     0.000045    0.001191
     0.000020    0.000792
     0.000005    0.000395
     0.000001    0.000198
     0.000000    0.000000
     0.000005   -0.000394
     0.000020   -0.000789
     0.000045   -0.001186
     0.000080   -0.001584
     0.000125   -0.001983
     0.000181   -0.002383
     0.000248   -0.002784
     0.000325   -0.003186
     0.000413   -0.003587
     0.000511   -0.003988
     0.000620   -0.004390
     0.000740   -0.004790
     0.000871   -0.005190
     0.001012   -0.005589
     0.001163   -0.005987
     0.001325   -0.006384
     0.001497   -0.006779
     0.001680   -0.007173
     0.001872   -0.007565
     0.002074   -0.007956
     0.002286   -0.008344
     0.002508   -0.008730
     0.002739   -0.009115
     0.002980   -0.009497
     0.003229   -0.009877
     0.003488   -0.010254
     0.003756   -0.010630
     0.004032   -0.011003
     0.004317   -0.011374
     0.004610   -0.011743
     0.004912   -0.012109
     0.005222   -0.012473
     0.005541   -0.012835
     0.005867   -0.013194
     0.006201   -0.013551
     0.006543   -0.013906
     0.006893   -0.014259
     0.007251   -0.014610
     0.007616   -0.014959
     0.007989   -0.015305
     0.008370   -0.015650
     0.008758   -0.015993
     0.009153   -0.016334
     0.009556   -0.016673
     0.009966   -0.017010
     0.010384   -0.017345
     0.010809   -0.017679
     0.011241   -0.018011
     0.011681   -0.018341
     0.012128   -0.018670
     0.012583   -0.018998
     0.013044   -0.019324
     0.013514   -0.019649
     0.013991   -0.019972
     0.014475   -0.020294
     0.014967   -0.020615
     0.015466   -0.020935
     0.015973   -0.021254
     0.016488   -0.021571
     0.017011   -0.021888
     0.017542   -0.022204
     0.018080   -0.022518
     0.018627   -0.022832
     0.019182   -0.023145
     0.019745   -0.023458
     0.020316   -0.023770
     0.020896   -0.024081
     0.021484   -0.024391
     0.022082   -0.024701
     0.022688   -0.025010
     0.023303   -0.025319
     0.023927   -0.025628
     0.024560   -0.025936
     0.025203   -0.026244
     0.025856   -0.026552
     0.026519   -0.026859
     0.027191   -0.027167
     0.027874   -0.027474
     0.028567   -0.027781
     0.029271   -0.028088
     0.029985   -0.028395
     0.030711   -0.028702
     0.031448   -0.029010
     0.032197   -0.029317
     0.032958   -0.029625
     0.033730   -0.029933
     0.034516   -0.030242
     0.035314   -0.030551
     0.036125   -0.030860
     0.036949   -0.031170
     0.037788   -0.031480
     0.038640   -0.031791
     0.039507   -0.032102
     0.040389   -0.032415
     0.041287   -0.032727
     0.042200   -0.033041
     0.043129   -0.033356
     0.044076   -0.033671
     0.045039   -0.033988
     0.046020   -0.034306
     0.047020   -0.034624
     0.048039   -0.034944
     0.049077   -0.035265
     0.050135   -0.035588
     0.051215   -0.035912
     0.052316   -0.036237
     0.053439   -0.036563
     0.054585   -0.036892
     0.055756   -0.037222
     0.056951   -0.037553
     0.058172   -0.037887
     0.059420   -0.038222
     0.060696   -0.038559
     0.062001   -0.038898
     0.063335   -0.039240
     0.064701   -0.039583
     0.066100   -0.039929
     0.067533   -0.040277
     0.069001   -0.040628
     0.070506   -0.040981
     0.072050   -0.041337
     0.073634   -0.041695
     0.075260   -0.042056
     0.076931   -0.042421
     0.078648   -0.042788
     0.080414   -0.043159
     0.082231   -0.043532
     0.084102   -0.043909
     0.086029   -0.044290
     0.088016   -0.044674
     0.090066   -0.045062
     0.092182   -0.045453
     0.094367   -0.045849
     0.096626   -0.046248
     0.098964   -0.046652
     0.101384   -0.047060
     0.103891   -0.047471
     0.106492   -0.047888
     0.109192   -0.048308
     0.111997   -0.048733
     0.114913   -0.049162
     0.117950   -0.049596
     0.121113   -0.050034
     0.124412   -0.050477
     0.127856   -0.050923
     0.131454   -0.051373
     0.135217   -0.051827
     0.139155   -0.052284
     0.143280   -0.052743
     0.147604   -0.053205
     0.152140   -0.053667
     0.156900   -0.054129
     0.161898   -0.054590
     0.167147   -0.055049
     0.172661   -0.055503
     0.178452   -0.055951
     0.184533   -0.056391
     0.190914   -0.056820
     0.197606   -0.057235
     0.204614   -0.057634
     0.211945   -0.058013
     0.219600   -0.058369
     0.227578   -0.058698
     0.235874   -0.058998
     0.244482   -0.059264
     0.253390   -0.059495
     0.262587   -0.059686
     0.272057   -0.059836
     0.281785   -0.059942
     0.291754   -0.060002
     0.301945   -0.060016
     0.312343   -0.059982
     0.322930   -0.059900
     0.333691   -0.059770
     0.344612   -0.059591
     0.355678   -0.059364
     0.366877   -0.059089
     0.378198   -0.058768
     0.389632   -0.058400
     0.401169   -0.057986
     0.412800   -0.057529
     0.424520   -0.057028
     0.436321   -0.056484
     0.448198   -0.055899
     0.460144   -0.055274
     0.472156   -0.054610
     0.484230   -0.053908
     0.496359   -0.053169
     0.508542   -0.052393
     0.520775   -0.051583
     0.533053   -0.050739
     0.545374   -0.049861
     0.557734   -0.048952
     0.570129   -0.048012
     0.582557   -0.047041
     0.595014   -0.046041
     0.607495   -0.045013
     0.619998   -0.043958
     0.632517   -0.042876
     0.645048   -0.041769
     0.657584   -0.040638
     0.670120   -0.039483
     0.682648   -0.038306
     0.695157   -0.037109
     0.707638   -0.035892
     0.720077   -0.034658
     0.732459   -0.033409
     0.744763   -0.032146
     0.756969   -0.030874
     0.769048   -0.029596
     0.780970   -0.028315
     0.792701   -0.027036
     0.804201   -0.025765
     0.815428   -0.024506
     0.826340   -0.023267
     0.836896   -0.022054
     0.847057   -0.020871
     0.856790   -0.019725
     0.866070   -0.018620
     0.874881   -0.017560
     0.883218   -0.016547
     0.891082   -0.015582
     0.898484   -0.014666
     0.905441   -0.013798
     0.911974   -0.012976
     0.918107   -0.012199
     0.923867   -0.011464
     0.929280   -0.010768
     0.934372   -0.010110
     0.939166   -0.009487
     0.943688   -0.008896
     0.947959   -0.008335
     0.951998   -0.007801
     0.955826   -0.007294
     0.959458   -0.006810
     0.962910   -0.006348
     0.966196   -0.005906
     0.969329   -0.005483
     0.972321   -0.005078
     0.975181   -0.004690
     0.977920   -0.004316
     0.980546   -0.003957
     0.983067   -0.003611
     0.985489   -0.003278
     0.987820   -0.002956
     0.990066   -0.002645
     0.991519   -0.002444
