     0.994610    0.002784
     0.994314    0.002866
     0.993862    0.002990
     0.993401    0.003117
     0.992930    0.003246
     0.992448    0.003378
     0.991956    0.003513
     0.991453    0.003651
     0.990938    0.003792
     0.990410    0.003936
     0.989870    0.004084
     0.989316    0.004235
     0.988748    0.004390
     0.988165    0.004549
     0.987567    0.004712
     0.986952    0.004879
     0.986319    0.005051
     0.985669    0.005228
     0.984999    0.005410
     0.984308    0.005597
     0.983596    0.005790
     0.982861    0.005988
     0.982102    0.006193
     0.981316    0.006405
     0.980503    0.006624
     0.979659    0.006851
     0.978784    0.007087
     0.977875    0.007331
     0.976928    0.007584
     0.975941    0.007848
     0.974911    0.008124
     0.973834    0.008411
     0.972707    0.008711
     0.971523    0.009026
     0.970278    0.009356
     0.968966    0.009703
     0.967580    0.010070
     0.966111    0.010457
     0.964551    0.010867
     0.962889    0.011303
     0.961112    0.011768
     0.959204    0.012266
     0.957150    0.012800
     0.954928    0.013376
     0.952513    0.014000
     0.949876    0.014678
     0.946983    0.015419
     0.943793    0.016233
     0.940257    0.017129
     0.936322    0.018121
     0.931928    0.019222
     0.927013    0.020444
     0.921521    0.021798
     0.915413    0.023290
     0.908676    0.024919
     0.901334    0.026674
     0.893448    0.028536
     0.885105    0.030480
     0.876401    0.032479
     0.867427    0.034511
     0.858258    0.036556
     0.848952    0.038599
     0.839551    0.040629
     0.830085    0.042641
     0.820574    0.044629
     0.811031    0.046590
     0.801465    0.048522
     0.791882    0.050424
     0.782288    0.052295
     0.772684    0.054133
     0.763073    0.055940
     0.753457    0.057713
     0.743836    0.059454
     0.734214    0.061161
     0.724589    0.062835
     0.714964    0.064474
     0.705340    0.066080
     0.695716    0.067652
     0.686095    0.069189
     0.676476    0.070691
     0.666862    0.072159
     0.657252    0.073591
     0.647648    0.074988
     0.638051    0.076349
     0.628461    0.077674
     0.618879    0.078963
     0.609307    0.080215
     0.599745    0.081431
     0.590194    0.082609
     0.580655    0.083751
     0.571130    0.084854
     0.561618    0.085920
     0.552122    0.086947
     0.542641    0.087935
     0.533179    0.088885
     0.523734    0.089795
     0.514310    0.090666
     0.504906    0.091497
     0.495526    0.092288
     0.486171    0.093038
     0.476844    0.093746
     0.467548    0.094413
     0.458289    0.095039
     0.449072    0.095621
     0.439907    0.096161
     0.430806    0.096656
     0.421789    0.097108
     0.412880    0.097514
     0.404115    0.097874
     0.395534    0.098184
     0.387106    0.098432
     0.378786    0.098622
     0.370545    0.098756
     0.362368    0.098834
     0.354245    0.098858
     0.346168    0.098828
     0.338133    0.098744
     0.330139    0.098607
     0.322184    0.098415
     0.314269    0.098170
     0.306394    0.097871
     0.298559    0.097519
     0.290766    0.097113
     0.283017    0.096654
     0.275312    0.096142
     0.267654    0.095576
     0.260045    0.094958
     0.252486    0.094287
     0.244981    0.093564
     0.237532    0.092788
     0.230141    0.091961
     0.222812    0.091083
     0.215546    0.090154
     0.208349    0.089176
     0.201223    0.088148
     0.194173    0.087072
     0.187202    0.085949
     0.180316    0.084780
     0.173519    0.083566
     0.166818    0.082309
     0.160218    0.081012
     0.153727    0.079675
     0.147353    0.078302
     0.141102    0.076897
     0.134985    0.075461
     0.129010    0.074000
     0.123187    0.072518
     0.117528    0.071019
     0.112041    0.069509
     0.106737    0.067993
     0.101626    0.066478
     0.096715    0.064970
     0.092012    0.063474
     0.087520    0.061996
     0.083244    0.060543
     0.079183    0.059118
     0.075335    0.057725
     0.071696    0.056367
     0.068261    0.055048
     0.065021    0.053768
     0.061968    0.052528
     0.059093    0.051329
     0.056384    0.050170
     0.053833    0.049051
     0.051429    0.047970
     0.049161    0.046926
     0.047022    0.045917
     0.045000    0.044943
     0.043089    0.044001
     0.041280    0.043090
     0.039565    0.042208
     0.037938    0.041354
     0.036392    0.040525
     0.034922    0.039722
     0.033522    0.038941
     0.032188    0.038182
     0.030914    0.037444
     0.029698    0.036725
     0.028535    0.036025
     0.027421    0.035342
     0.026354    0.034675
     0.025331    0.034024
     0.024349    0.033387
     0.023405    0.032764
     0.022498    0.032154
     0.021625    0.031556
     0.020784    0.030970
     0.019974    0.030395
     0.019193    0.029830
     0.018440    0.029276
     0.017713    0.028731
     0.017010    0.028195
     0.016332    0.027667
     0.015675    0.027147
     0.015041    0.026635
     0.014427    0.026131
     0.013833    0.025633
     0.013257    0.025142
     0.012700    0.024657
     0.012161    0.024178
     0.011637    0.023705
     0.011131    0.023238
     0.010639    0.022775
     0.010163    0.022318
     0.009701    0.021865
     0.009253    0.021417
     0.008819    0.020973
     0.008398    0.020533
     0.007989    0.020097
     0.007593    0.019665
     0.007209    0.019236
     0.006837    0.018811
     0.006477    0.018389
     0.006127    0.017970
     0.005789    0.017554
     0.005461    0.017141
     0.005143    0.016730
     0.004836    0.016323
     0.004539    0.015917
     0.004252    0.015514
     0.003975    0.015114
     0.003707    0.014715
     0.003449    0.014319
     0.003200    0.013925
     0.002960    0.013532
     0.002729    0.013142
     0.002508    0.012753
     0.002295    0.012366
     0.002091    0.011981
     0.001896    0.011598
     0.001710    0.011217
     0.001532    0.010837
     0.001363    0.010459
     0.001202    0.010082
     0.001049    0.009707
     0.000906    0.009334
     0.000770    0.008962
     0.000643    0.008592
     0.000524    0.008224
     0.000413    0.007857
     0.000311    0.007492
     0.000217    0.007129
     0.000131    0.006768
     0.000053    0.006409
    -0.000018    0.006052
    -0.000080    0.005697
    -0.000134    0.005343
    -0.000180    0.004993
    -0.000219    0.004644
    -0.000250    0.004298
    -0.000274    0.003954
    -0.000290    0.003613
    -0.000298    0.003274
    -0.000300    0.002938
    -0.000294    0.002603
    -0.000281    0.002268
    -0.000261    0.001935
    -0.000234    0.001602
    -0.000200    0.001270
    -0.000158    0.000940
    -0.000110    0.000611
    -0.000058    0.000305
     0.000000    0.000000
     0.000038   -0.000184
     0.000078   -0.000367
     0.000155   -0.000693
     0.000240   -0.001020
     0.000333   -0.001348
     0.000434   -0.001675
     0.000543   -0.002004
     0.000660   -0.002332
     0.000785   -0.002660
     0.000919   -0.002988
     0.001061   -0.003316
     0.001212   -0.003643
     0.001372   -0.003970
     0.001541   -0.004296
     0.001718   -0.004621
     0.001904   -0.004946
     0.002099   -0.005269
     0.002303   -0.005591
     0.002515   -0.005912
     0.002737   -0.006231
     0.002968   -0.006549
     0.003208   -0.006866
     0.003457   -0.007181
     0.003715   -0.007494
     0.003982   -0.007806
     0.004258   -0.008116
     0.004543   -0.008424
     0.004838   -0.008731
     0.005142   -0.009035
     0.005455   -0.009338
     0.005777   -0.009640
     0.006109   -0.009939
     0.006451   -0.010236
     0.006802   -0.010532
     0.007163   -0.010826
     0.007534   -0.011119
     0.007914   -0.011409
     0.008305   -0.011698
     0.008706   -0.011986
     0.009117   -0.012271
     0.009539   -0.012556
     0.009972   -0.012838
     0.010415   -0.013120
     0.010870   -0.013400
     0.011337   -0.013678
     0.011815   -0.013955
     0.012305   -0.014231
     0.012807   -0.014506
     0.013323   -0.014779
     0.013851   -0.015052
     0.014392   -0.015323
     0.014948   -0.015594
     0.015518   -0.015864
     0.016103   -0.016132
     0.016703   -0.016400
     0.017319   -0.016668
     0.017951   -0.016935
     0.018601   -0.017201
     0.019269   -0.017466
     0.019955   -0.017731
     0.020661   -0.017996
     0.021387   -0.018261
     0.022134   -0.018525
     0.022903   -0.018789
     0.023696   -0.019053
     0.024513   -0.019318
     0.025356   -0.019582
     0.026226   -0.019846
     0.027125   -0.020110
     0.028054   -0.020375
     0.029015   -0.020640
     0.030009   -0.020906
     0.031040   -0.021172
     0.032109   -0.021438
     0.033219   -0.021706
     0.034373   -0.021974
     0.035573   -0.022242
     0.036823   -0.022512
     0.038126   -0.022782
     0.039487   -0.023054
     0.040910   -0.023326
     0.042400   -0.023599
     0.043962   -0.023873
     0.045603   -0.024148
     0.047330   -0.024424
     0.049149   -0.024700
     0.051070   -0.024977
     0.053102   -0.025255
     0.055256   -0.025532
     0.057543   -0.025809
     0.059978   -0.026085
     0.062576   -0.026360
     0.065352   -0.026633
     0.068325   -0.026902
     0.071515   -0.027166
     0.074944   -0.027424
     0.078635   -0.027673
     0.082613   -0.027911
     0.086901   -0.028136
     0.091525   -0.028343
     0.096507   -0.028530
     0.101868   -0.028691
     0.107621   -0.028823
     0.113779   -0.028921
     0.120343   -0.028981
     0.127312   -0.029000
     0.134676   -0.028974
     0.142421   -0.028902
     0.150529   -0.028781
     0.158980   -0.028613
     0.167754   -0.028397
     0.176831   -0.028135
     0.186191   -0.027828
     0.195817   -0.027479
     0.205693   -0.027091
     0.215804   -0.026667
     0.226136   -0.026211
     0.236674   -0.025725
     0.247404   -0.025213
     0.258308   -0.024681
     0.269364   -0.024132
     0.280537   -0.023572
     0.291777   -0.023006
     0.303017   -0.022441
     0.314209   -0.021884
     0.325329   -0.021336
     0.336369   -0.020803
     0.347330   -0.020285
     0.358220   -0.019785
     0.369052   -0.019303
     0.379847   -0.018841
     0.390637   -0.018398
     0.401471   -0.017974
     0.412422   -0.017555
     0.423491   -0.017122
     0.434656   -0.016677
     0.445901   -0.016223
     0.457214   -0.015761
     0.468584   -0.015293
     0.480002   -0.014820
     0.491453   -0.014345
     0.502918   -0.013868
     0.514375   -0.013393
     0.525810   -0.012920
     0.537217   -0.012451
     0.548594   -0.011987
     0.559938   -0.011529
     0.571251   -0.011076
     0.582534   -0.010631
     0.593790   -0.010194
     0.605018   -0.009765
     0.616222   -0.009344
     0.627404   -0.008932
     0.638565   -0.008529
     0.649706   -0.008136
     0.660831   -0.007753
     0.671939   -0.007380
     0.683034   -0.007017
     0.694116   -0.006665
     0.705187   -0.006324
     0.716248   -0.005994
     0.727300   -0.005675
     0.738346   -0.005367
     0.749384   -0.005070
     0.760417   -0.004785
     0.771445   -0.004512
     0.782466   -0.004249
     0.793479   -0.003999
     0.804480   -0.003759
     0.815461   -0.003532
     0.826410   -0.003316
     0.837306   -0.003112
     0.848113   -0.002921
     0.858778   -0.002743
     0.869219   -0.002578
     0.879325   -0.002427
     0.888957   -0.002292
     0.897969   -0.002172
     0.906235   -0.002068
     0.913683   -0.001979
     0.920306   -0.001904
     0.926151   -0.001841
     0.931300   -0.001787
     0.935843   -0.001741
     0.939870   -0.001702
     0.943460   -0.001668
     0.946682   -0.001638
     0.949591   -0.001612
     0.952236   -0.001589
     0.954653   -0.001568
     0.956875   -0.001549
     0.958927   -0.001532
     0.960832   -0.001516
     0.962607   -0.001502
     0.964267   -0.001489
     0.965826   -0.001477
     0.967293   -0.001465
     0.968680   -0.001455
     0.969992   -0.001445
     0.971239   -0.001436
     0.972424   -0.001427
     0.973555   -0.001419
     0.974635   -0.001411
     0.975668   -0.001403
     0.976659   -0.001396
     0.977610   -0.001390
     0.978525   -0.001383
     0.979405   -0.001377
     0.980254   -0.001371
     0.981073   -0.001366
     0.981865   -0.001360
     0.982630   -0.001355
     0.983372   -0.001350
     0.984090   -0.001346
     0.984787   -0.001341
     0.985464   -0.001337
     0.986121   -0.001332
     0.986761   -0.001328
     0.987383   -0.001324
     0.987988   -0.001320
     0.988579   -0.001317
     0.989154   -0.001313
     0.989715   -0.001309
     0.990262   -0.001306
     0.990797   -0.001303
     0.991319   -0.001299
     0.991830   -0.001296
     0.992330   -0.001293
     0.992818   -0.001290
     0.993297   -0.001287
     0.993766   -0.001284
     0.994073   -0.001283
