     0.991992    0.004082
     0.991688    0.004186
     0.991225    0.004344
     0.990752    0.004506
     0.990269    0.004671
     0.989775    0.004840
     0.989270    0.005012
     0.988753    0.005188
     0.988224    0.005368
     0.987682    0.005553
     0.987126    0.005742
     0.986556    0.005935
     0.985971    0.006134
     0.985370    0.006338
     0.984752    0.006547
     0.984116    0.006762
     0.983462    0.006983
     0.982787    0.007211
     0.982092    0.007445
     0.981375    0.007687
     0.980634    0.007936
     0.979868    0.008193
     0.979076    0.008459
     0.978255    0.008734
     0.977404    0.009019
     0.976521    0.009314
     0.975603    0.009621
     0.974648    0.009939
     0.973652    0.010270
     0.972613    0.010616
     0.971525    0.010976
     0.970386    0.011353
     0.969190    0.011748
     0.967931    0.012163
     0.966604    0.012600
     0.965201    0.013060
     0.963715    0.013547
     0.962135    0.014063
     0.960452    0.014612
     0.958651    0.015196
     0.956719    0.015822
     0.954637    0.016494
     0.952386    0.017218
     0.949940    0.018002
     0.947270    0.018853
     0.944343    0.019783
     0.941119    0.020801
     0.937553    0.021921
     0.933593    0.023157
     0.929186    0.024523
     0.924278    0.026032
     0.918823    0.027695
     0.912793    0.029515
     0.906185    0.031487
     0.899029    0.033599
     0.891384    0.035826
     0.883328    0.038140
     0.874946    0.040513
     0.866319    0.042919
     0.857511    0.045337
     0.848574    0.047751
     0.839546    0.050150
     0.830453    0.052524
     0.821314    0.054871
     0.812142    0.057184
     0.802944    0.059463
     0.793728    0.061705
     0.784498    0.063909
     0.775256    0.066075
     0.766004    0.068201
     0.756745    0.070288
     0.747479    0.072335
     0.738208    0.074342
     0.728933    0.076308
     0.719654    0.078233
     0.710373    0.080117
     0.701091    0.081960
     0.691807    0.083762
     0.682524    0.085522
     0.673241    0.087240
     0.663960    0.088916
     0.654681    0.090549
     0.645405    0.092140
     0.636133    0.093688
     0.626866    0.095192
     0.617604    0.096654
     0.608348    0.098071
     0.599100    0.099445
     0.589860    0.100775
     0.580628    0.102061
     0.571407    0.103302
     0.562196    0.104498
     0.552996    0.105648
     0.543809    0.106754
     0.534636    0.107814
     0.525478    0.108827
     0.516335    0.109795
     0.507211    0.110716
     0.498105    0.111590
     0.489021    0.112417
     0.479961    0.113196
     0.470930    0.113928
     0.461931    0.114611
     0.452972    0.115245
     0.444062    0.115830
     0.435215    0.116365
     0.426449    0.116849
     0.417791    0.117282
     0.409275    0.117665
     0.400947    0.117995
     0.392839    0.118260
     0.384879    0.118455
     0.377025    0.118584
     0.369251    0.118650
     0.361537    0.118654
     0.353873    0.118597
     0.346252    0.118478
     0.338667    0.118300
     0.331118    0.118062
     0.323601    0.117763
     0.316117    0.117405
     0.308664    0.116987
     0.301244    0.116510
     0.293857    0.115974
     0.286504    0.115378
     0.279186    0.114724
     0.271905    0.114011
     0.264661    0.113239
     0.257458    0.112410
     0.250295    0.111522
     0.243176    0.110578
     0.236103    0.109576
     0.229077    0.108518
     0.222101    0.107405
     0.215177    0.106236
     0.208308    0.105012
     0.201498    0.103736
     0.194748    0.102406
     0.188063    0.101025
     0.181447    0.099593
     0.174903    0.098113
     0.168437    0.096585
     0.162052    0.095012
     0.155754    0.093395
     0.149550    0.091738
     0.143446    0.090042
     0.137449    0.088311
     0.131567    0.086549
     0.125808    0.084761
     0.120181    0.082949
     0.114695    0.081121
     0.109361    0.079281
     0.104187    0.077436
     0.099184    0.075593
     0.094360    0.073757
     0.089723    0.071936
     0.085278    0.070137
     0.081032    0.068366
     0.076986    0.066629
     0.073141    0.064930
     0.069496    0.063275
     0.066046    0.061666
     0.062787    0.060105
     0.059713    0.058595
     0.056814    0.057136
     0.054083    0.055727
     0.051510    0.054368
     0.049086    0.053059
     0.046801    0.051797
     0.044646    0.050580
     0.042613    0.049408
     0.040692    0.048277
     0.038877    0.047186
     0.037158    0.046132
     0.035530    0.045114
     0.033986    0.044130
     0.032520    0.043178
     0.031127    0.042255
     0.029800    0.041361
     0.028537    0.040493
     0.027332    0.039650
     0.026182    0.038831
     0.025083    0.038034
     0.024032    0.037259
     0.023026    0.036503
     0.022062    0.035766
     0.021137    0.035046
     0.020250    0.034343
     0.019398    0.033656
     0.018578    0.032984
     0.017790    0.032327
     0.017032    0.031682
     0.016302    0.031051
     0.015598    0.030431
     0.014920    0.029823
     0.014265    0.029226
     0.013634    0.028640
     0.013024    0.028063
     0.012436    0.027496
     0.011867    0.026937
     0.011318    0.026387
     0.010787    0.025846
     0.010273    0.025312
     0.009776    0.024785
     0.009296    0.024265
     0.008832    0.023753
     0.008382    0.023246
     0.007947    0.022746
     0.007527    0.022252
     0.007120    0.021763
     0.006726    0.021280
     0.006345    0.020802
     0.005977    0.020329
     0.005621    0.019860
     0.005277    0.019396
     0.004944    0.018937
     0.004623    0.018481
     0.004313    0.018030
     0.004013    0.017582
     0.003724    0.017138
     0.003446    0.016698
     0.003178    0.016261
     0.002919    0.015828
     0.002671    0.015397
     0.002433    0.014970
     0.002203    0.014545
     0.001984    0.014124
     0.001774    0.013706
     0.001573    0.013290
     0.001381    0.012876
     0.001198    0.012466
     0.001025    0.012058
     0.000860    0.011652
     0.000704    0.011249
     0.000557    0.010849
     0.000419    0.010450
     0.000289    0.010055
     0.000168    0.009661
     0.000056    0.009270
    -0.000048    0.008882
    -0.000143    0.008496
    -0.000230    0.008112
    -0.000308    0.007731
    -0.000378    0.007352
    -0.000439    0.006976
    -0.000492    0.006603
    -0.000537    0.006232
    -0.000574    0.005864
    -0.000602    0.005499
    -0.000622    0.005137
    -0.000635    0.004778
    -0.000639    0.004422
    -0.000636    0.004068
    -0.000625    0.003716
    -0.000606    0.003366
    -0.000579    0.003019
    -0.000545    0.002673
    -0.000503    0.002330
    -0.000453    0.001990
    -0.000396    0.001652
    -0.000331    0.001317
    -0.000260    0.000985
    -0.000181    0.000656
    -0.000095    0.000331
    -0.000049    0.000165
     0.000000    0.000000
     0.000099   -0.000317
     0.000205   -0.000633
     0.000321   -0.000953
     0.000445   -0.001274
     0.000577   -0.001594
     0.000718   -0.001913
     0.000867   -0.002232
     0.001025   -0.002550
     0.001192   -0.002867
     0.001367   -0.003182
     0.001552   -0.003497
     0.001745   -0.003810
     0.001947   -0.004121
     0.002158   -0.004430
     0.002378   -0.004738
     0.002608   -0.005043
     0.002846   -0.005347
     0.003093   -0.005648
     0.003350   -0.005947
     0.003616   -0.006243
     0.003891   -0.006537
     0.004175   -0.006829
     0.004468   -0.007118
     0.004770   -0.007404
     0.005082   -0.007688
     0.005403   -0.007969
     0.005733   -0.008247
     0.006072   -0.008522
     0.006421   -0.008795
     0.006779   -0.009065
     0.007147   -0.009332
     0.007525   -0.009597
     0.007912   -0.009858
     0.008309   -0.010117
     0.008716   -0.010374
     0.009133   -0.010627
     0.009560   -0.010878
     0.009998   -0.011127
     0.010446   -0.011373
     0.010905   -0.011616
     0.011375   -0.011857
     0.011856   -0.012095
     0.012349   -0.012331
     0.012853   -0.012564
     0.013370   -0.012795
     0.013899   -0.013024
     0.014441   -0.013250
     0.014996   -0.013474
     0.015564   -0.013696
     0.016147   -0.013916
     0.016744   -0.014133
     0.017356   -0.014349
     0.017984   -0.014562
     0.018627   -0.014773
     0.019288   -0.014981
     0.019966   -0.015188
     0.020662   -0.015393
     0.021378   -0.015596
     0.022113   -0.015796
     0.022868   -0.015995
     0.023646   -0.016191
     0.024446   -0.016386
     0.025271   -0.016578
     0.026121   -0.016769
     0.026997   -0.016957
     0.027901   -0.017143
     0.028835   -0.017327
     0.029800   -0.017508
     0.030799   -0.017687
     0.031833   -0.017864
     0.032904   -0.018038
     0.034016   -0.018210
     0.035171   -0.018379
     0.036371   -0.018545
     0.037621   -0.018708
     0.038924   -0.018868
     0.040283   -0.019024
     0.041704   -0.019176
     0.043192   -0.019324
     0.044752   -0.019468
     0.046390   -0.019607
     0.048114   -0.019740
     0.049932   -0.019866
     0.051852   -0.019986
     0.053885   -0.020098
     0.056041   -0.020202
     0.058336   -0.020295
     0.060782   -0.020376
     0.063396   -0.020445
     0.066199   -0.020498
     0.069210   -0.020534
     0.072453   -0.020549
     0.075956   -0.020540
     0.079747   -0.020504
     0.083859   -0.020436
     0.088325   -0.020332
     0.093180   -0.020184
     0.098460   -0.019989
     0.104195   -0.019739
     0.110411   -0.019429
     0.117128   -0.019053
     0.124357   -0.018608
     0.132097   -0.018090
     0.140342   -0.017499
     0.149072   -0.016836
     0.158264   -0.016103
     0.167887   -0.015306
     0.177907   -0.014449
     0.188282   -0.013543
     0.198957   -0.012595
     0.209859   -0.011620
     0.220880   -0.010631
     0.231900   -0.009647
     0.242842   -0.008679
     0.253670   -0.007734
     0.264370   -0.006818
     0.274942   -0.005933
     0.285390   -0.005083
     0.295724   -0.004268
     0.305952   -0.003490
     0.316084   -0.002749
     0.326133   -0.002045
     0.336109   -0.001381
     0.346026   -0.000755
     0.355901   -0.000168
     0.365758    0.000380
     0.375628    0.000890
     0.385560    0.001361
     0.395635    0.001796
     0.405999    0.002197
     0.416719    0.002601
     0.427659    0.003008
     0.438719    0.003412
     0.449831    0.003811
     0.460955    0.004200
     0.472067    0.004579
     0.483153    0.004945
     0.494208    0.005297
     0.505227    0.005635
     0.516211    0.005957
     0.527160    0.006263
     0.538076    0.006551
     0.548959    0.006822
     0.559813    0.007075
     0.570638    0.007309
     0.581437    0.007525
     0.592212    0.007721
     0.602964    0.007896
     0.613694    0.008052
     0.624405    0.008187
     0.635099    0.008302
     0.645776    0.008395
     0.656438    0.008467
     0.667086    0.008517
     0.677723    0.008546
     0.688348    0.008552
     0.698964    0.008537
     0.709571    0.008499
     0.720170    0.008439
     0.730763    0.008356
     0.741350    0.008251
     0.751931    0.008123
     0.762508    0.007972
     0.773080    0.007798
     0.783645    0.007602
     0.794201    0.007384
     0.804744    0.007143
     0.815266    0.006879
     0.825753    0.006595
     0.836186    0.006289
     0.846530    0.005965
     0.856736    0.005624
     0.866733    0.005270
     0.876422    0.004909
     0.885685    0.004546
     0.894395    0.004189
     0.902441    0.003846
     0.909753    0.003525
     0.916313    0.003227
     0.922151    0.002956
     0.927329    0.002710
     0.931924    0.002487
     0.936014    0.002286
     0.939673    0.002103
     0.942964    0.001937
     0.945941    0.001784
     0.948650    0.001645
     0.951129    0.001515
     0.953408    0.001396
     0.955515    0.001284
     0.957470    0.001180
     0.959292    0.001082
     0.960997    0.000990
     0.962597    0.000903
     0.964104    0.000821
     0.965527    0.000743
     0.966874    0.000669
     0.968152    0.000599
     0.969368    0.000531
     0.970527    0.000467
     0.971635    0.000405
     0.972694    0.000346
     0.973709    0.000288
     0.974684    0.000233
     0.975622    0.000180
     0.976524    0.000129
     0.977394    0.000080
     0.978233    0.000032
     0.979045   -0.000014
     0.979829   -0.000059
     0.980588   -0.000103
     0.981324   -0.000145
     0.982037   -0.000186
     0.982729   -0.000226
     0.983401   -0.000265
     0.984054   -0.000303
     0.984690   -0.000340
     0.985308   -0.000376
     0.985910   -0.000411
     0.986497   -0.000446
     0.987069   -0.000479
     0.987628   -0.000512
     0.988174   -0.000544
     0.988707   -0.000575
     0.989228   -0.000606
     0.989738   -0.000636
     0.990237   -0.000665
     0.990726   -0.000694
     0.991046   -0.000713
