     0.992140    0.004609
     0.991827    0.004738
     0.991348    0.004935
     0.990859    0.005136
     0.990359    0.005341
     0.989848    0.005551
     0.989324    0.005765
     0.988788    0.005985
     0.988239    0.006210
     0.987675    0.006440
     0.987097    0.006676
     0.986503    0.006918
     0.985892    0.007167
     0.985264    0.007423
     0.984618    0.007685
     0.983953    0.007956
     0.983267    0.008234
     0.982559    0.008521
     0.981828    0.008817
     0.981073    0.009122
     0.980292    0.009437
     0.979483    0.009763
     0.978644    0.010101
     0.977775    0.010451
     0.976871    0.010813
     0.975931    0.011190
     0.974952    0.011582
     0.973930    0.011990
     0.972862    0.012416
     0.971744    0.012861
     0.970572    0.013326
     0.969339    0.013815
     0.968041    0.014329
     0.966670    0.014870
     0.965219    0.015441
     0.963679    0.016046
     0.962040    0.016688
     0.960290    0.017371
     0.958416    0.018100
     0.956402    0.018882
     0.954228    0.019722
     0.951872    0.020629
     0.949310    0.021612
     0.946509    0.022681
     0.943436    0.023848
     0.940049    0.025126
     0.936304    0.026532
     0.932152    0.028079
     0.927546    0.029782
     0.922441    0.031653
     0.916808    0.033699
     0.910634    0.035917
     0.903938    0.038296
     0.896761    0.040813
     0.889169    0.043440
     0.881237    0.046145
     0.873039    0.048900
     0.864639    0.051679
     0.856093    0.054461
     0.847439    0.057232
     0.838708    0.059980
     0.829920    0.062699
     0.821091    0.065383
     0.812232    0.068028
     0.803348    0.070632
     0.794445    0.073194
     0.785527    0.075712
     0.776596    0.078186
     0.767654    0.080614
     0.758702    0.082997
     0.749743    0.085333
     0.740776    0.087623
     0.731803    0.089867
     0.722825    0.092063
     0.713842    0.094213
     0.704855    0.096315
     0.695864    0.098369
     0.686871    0.100376
     0.677877    0.102334
     0.668881    0.104244
     0.659885    0.106105
     0.650889    0.107918
     0.641894    0.109681
     0.632901    0.111396
     0.623911    0.113061
     0.614923    0.114676
     0.605940    0.116241
     0.596961    0.117756
     0.587988    0.119221
     0.579021    0.120635
     0.570061    0.121998
     0.561108    0.123310
     0.552165    0.124571
     0.543232    0.125780
     0.534309    0.126938
     0.525398    0.128043
     0.516500    0.129096
     0.507617    0.130097
     0.498750    0.131044
     0.489902    0.131939
     0.481076    0.132780
     0.472275    0.133567
     0.463506    0.134300
     0.454774    0.134978
     0.446090    0.135601
     0.437468    0.136169
     0.428927    0.136680
     0.420492    0.137135
     0.412198    0.137534
     0.404088    0.137876
     0.396215    0.138155
     0.388532    0.138353
     0.380978    0.138478
     0.373515    0.138532
     0.366123    0.138517
     0.358784    0.138435
     0.351490    0.138286
     0.344233    0.138071
     0.337008    0.137791
     0.329813    0.137445
     0.322646    0.137034
     0.315506    0.136557
     0.308392    0.136017
     0.301305    0.135411
     0.294245    0.134741
     0.287213    0.134007
     0.280209    0.133209
     0.273234    0.132347
     0.266291    0.131422
     0.259379    0.130434
     0.252501    0.129383
     0.245658    0.128269
     0.238851    0.127094
     0.232083    0.125858
     0.225355    0.124560
     0.218669    0.123203
     0.212028    0.121786
     0.205433    0.120310
     0.198888    0.118776
     0.192394    0.117185
     0.185956    0.115539
     0.179575    0.113838
     0.173256    0.112083
     0.167002    0.110278
     0.160818    0.108422
     0.154708    0.106519
     0.148677    0.104570
     0.142730    0.102579
     0.136874    0.100549
     0.131116    0.098482
     0.125462    0.096384
     0.119921    0.094259
     0.114500    0.092112
     0.109210    0.089948
     0.104058    0.087775
     0.099056    0.085598
     0.094211    0.083426
     0.089532    0.081266
     0.085029    0.079126
     0.080706    0.077012
     0.076571    0.074933
     0.072625    0.072896
     0.068872    0.070905
     0.065310    0.068966
     0.061937    0.067084
     0.058748    0.065260
     0.055739    0.063496
     0.052902    0.061794
     0.050228    0.060154
     0.047711    0.058574
     0.045339    0.057053
     0.043106    0.055590
     0.041001    0.054182
     0.039017    0.052827
     0.037144    0.051523
     0.035375    0.050267
     0.033703    0.049056
     0.032121    0.047889
     0.030623    0.046762
     0.029201    0.045673
     0.027852    0.044621
     0.026570    0.043602
     0.025350    0.042616
     0.024189    0.041660
     0.023082    0.040732
     0.022025    0.039831
     0.021016    0.038956
     0.020052    0.038104
     0.019129    0.037275
     0.018245    0.036467
     0.017398    0.035679
     0.016586    0.034909
     0.015807    0.034158
     0.015059    0.033424
     0.014340    0.032706
     0.013649    0.032003
     0.012984    0.031315
     0.012344    0.030641
     0.011728    0.029979
     0.011135    0.029330
     0.010564    0.028693
     0.010013    0.028067
     0.009482    0.027452
     0.008970    0.026847
     0.008476    0.026252
     0.007999    0.025666
     0.007540    0.025088
     0.007096    0.024520
     0.006669    0.023959
     0.006256    0.023406
     0.005858    0.022861
     0.005474    0.022323
     0.005103    0.021791
     0.004746    0.021266
     0.004402    0.020748
     0.004070    0.020235
     0.003750    0.019728
     0.003443    0.019226
     0.003147    0.018730
     0.002863    0.018239
     0.002589    0.017753
     0.002327    0.017271
     0.002075    0.016794
     0.001834    0.016322
     0.001603    0.015854
     0.001383    0.015390
     0.001173    0.014930
     0.000972    0.014473
     0.000782    0.014021
     0.000601    0.013572
     0.000430    0.013127
     0.000268    0.012685
     0.000116    0.012247
    -0.000026    0.011812
    -0.000160    0.011380
    -0.000283    0.010952
    -0.000398    0.010527
    -0.000503    0.010105
    -0.000599    0.009686
    -0.000686    0.009271
    -0.000764    0.008859
    -0.000832    0.008450
    -0.000892    0.008044
    -0.000942    0.007642
    -0.000983    0.007243
    -0.001016    0.006847
    -0.001039    0.006455
    -0.001054    0.006067
    -0.001060    0.005682
    -0.001057    0.005301
    -0.001045    0.004924
    -0.001024    0.004550
    -0.000995    0.004179
    -0.000958    0.003813
    -0.000912    0.003451
    -0.000858    0.003092
    -0.000796    0.002738
    -0.000726    0.002389
    -0.000648    0.002044
    -0.000563    0.001703
    -0.000470    0.001367
    -0.000370    0.001036
    -0.000263    0.000709
    -0.000149    0.000387
    -0.000076    0.000193
     0.000000    0.000000
     0.000115   -0.000278
     0.000235   -0.000555
     0.000379   -0.000866
     0.000532   -0.001177
     0.000693   -0.001486
     0.000863   -0.001794
     0.001042   -0.002100
     0.001229   -0.002405
     0.001426   -0.002707
     0.001631   -0.003008
     0.001846   -0.003306
     0.002069   -0.003602
     0.002302   -0.003895
     0.002544   -0.004185
     0.002795   -0.004473
     0.003055   -0.004757
     0.003324   -0.005039
     0.003603   -0.005317
     0.003890   -0.005592
     0.004187   -0.005863
     0.004493   -0.006131
     0.004808   -0.006396
     0.005132   -0.006657
     0.005465   -0.006914
     0.005808   -0.007167
     0.006159   -0.007417
     0.006520   -0.007663
     0.006890   -0.007906
     0.007270   -0.008145
     0.007659   -0.008380
     0.008057   -0.008611
     0.008465   -0.008839
     0.008883   -0.009063
     0.009310   -0.009283
     0.009747   -0.009500
     0.010195   -0.009712
     0.010652   -0.009922
     0.011120   -0.010127
     0.011598   -0.010330
     0.012088   -0.010528
     0.012588   -0.010723
     0.013100   -0.010915
     0.013623   -0.011103
     0.014158   -0.011287
     0.014706   -0.011468
     0.015265   -0.011645
     0.015838   -0.011819
     0.016425   -0.011990
     0.017025   -0.012157
     0.017639   -0.012321
     0.018269   -0.012481
     0.018913   -0.012637
     0.019574   -0.012790
     0.020251   -0.012940
     0.020946   -0.013086
     0.021658   -0.013228
     0.022390   -0.013367
     0.023141   -0.013501
     0.023913   -0.013633
     0.024706   -0.013760
     0.025522   -0.013883
     0.026363   -0.014002
     0.027228   -0.014117
     0.028120   -0.014228
     0.029040   -0.014334
     0.029989   -0.014435
     0.030970   -0.014532
     0.031985   -0.014624
     0.033035   -0.014710
     0.034123   -0.014791
     0.035252   -0.014866
     0.036423   -0.014934
     0.037642   -0.014997
     0.038910   -0.015052
     0.040232   -0.015099
     0.041612   -0.015139
     0.043054   -0.015169
     0.044565   -0.015190
     0.046150   -0.015201
     0.047816   -0.015201
     0.049570   -0.015188
     0.051422   -0.015161
     0.053380   -0.015119
     0.055457   -0.015060
     0.057665   -0.014983
     0.060018   -0.014884
     0.062533   -0.014761
     0.065230   -0.014611
     0.068131   -0.014430
     0.071262   -0.014213
     0.074650   -0.013957
     0.078330   -0.013654
     0.082338   -0.013298
     0.086717   -0.012881
     0.091509   -0.012394
     0.096764   -0.011828
     0.102527   -0.011174
     0.108843   -0.010422
     0.115750   -0.009564
     0.123274   -0.008594
     0.131425   -0.007509
     0.140193   -0.006310
     0.149545   -0.005007
     0.159419   -0.003610
     0.169713   -0.002142
     0.180274   -0.000633
     0.190918    0.000883
     0.201514    0.002380
     0.211996    0.003842
     0.222333    0.005259
     0.232519    0.006627
     0.242556    0.007942
     0.252454    0.009204
     0.262223    0.010412
     0.271873    0.011565
     0.281416    0.012663
     0.290860    0.013707
     0.300216    0.014695
     0.309492    0.015629
     0.318698    0.016509
     0.327842    0.017334
     0.336934    0.018104
     0.345988    0.018821
     0.355016    0.019484
     0.364040    0.020093
     0.373086    0.020649
     0.382196    0.021153
     0.391433    0.021605
     0.400903    0.022004
     0.410777    0.022374
     0.420981    0.022740
     0.431396    0.023097
     0.441932    0.023440
     0.452530    0.023764
     0.463151    0.024067
     0.473770    0.024347
     0.484375    0.024604
     0.494958    0.024835
     0.505513    0.025040
     0.516041    0.025219
     0.526540    0.025371
     0.537012    0.025495
     0.547457    0.025591
     0.557877    0.025659
     0.568272    0.025698
     0.578646    0.025707
     0.588998    0.025687
     0.599331    0.025637
     0.609646    0.025557
     0.619944    0.025446
     0.630227    0.025305
     0.640495    0.025133
     0.650751    0.024930
     0.660994    0.024695
     0.671228    0.024429
     0.681451    0.024132
     0.691666    0.023802
     0.701873    0.023441
     0.712074    0.023048
     0.722268    0.022623
     0.732457    0.022165
     0.742642    0.021675
     0.752823    0.021154
     0.762999    0.020599
     0.773170    0.020013
     0.783336    0.019395
     0.793494    0.018744
     0.803640    0.018063
     0.813767    0.017350
     0.823864    0.016608
     0.833915    0.015838
     0.843892    0.015043
     0.853757    0.014226
     0.863453    0.013395
     0.872902    0.012557
     0.882009    0.011724
     0.890663    0.010909
     0.898759    0.010127
     0.906214    0.009389
     0.912986    0.008704
     0.919075    0.008078
     0.924517    0.007508
     0.929373    0.006993
     0.933710    0.006527
     0.937594    0.006104
     0.941090    0.005721
     0.944252    0.005371
     0.947127    0.005050
     0.949753    0.004755
     0.952166    0.004483
     0.954392    0.004229
     0.956456    0.003994
     0.958376    0.003773
     0.960170    0.003566
     0.961852    0.003371
     0.963434    0.003187
     0.964926    0.003013
     0.966336    0.002848
     0.967673    0.002691
     0.968944    0.002541
     0.970154    0.002398
     0.971308    0.002261
     0.972412    0.002130
     0.973469    0.002004
     0.974483    0.001882
     0.975457    0.001766
     0.976394    0.001653
     0.977297    0.001545
     0.978168    0.001440
     0.979009    0.001338
     0.979821    0.001240
     0.980607    0.001145
     0.981368    0.001052
     0.982106    0.000963
     0.982821    0.000876
     0.983515    0.000791
     0.984190    0.000708
     0.984846    0.000628
     0.985483    0.000550
     0.986105    0.000474
     0.986710    0.000400
     0.987300    0.000327
     0.987875    0.000256
     0.988437    0.000187
     0.988986    0.000119
     0.989523    0.000053
     0.990048   -0.000012
     0.990561   -0.000076
     0.990898   -0.000118
