naca 0412                                       
 Alfa =   0.00000 Re =        0.000 Xflap,Yflap =     0.000000    0.000000
#    x        y        Cp  
   0.99152  0.00244  0.38949
   0.99006  0.00265  0.32751
   0.98780  0.00296  0.28834
   0.98546  0.00328  0.25670
   0.98303  0.00362  0.23834
   0.98050  0.00396  0.22222
   0.97786  0.00432  0.20682
   0.97511  0.00470  0.19286
   0.97223  0.00509  0.18137
   0.96922  0.00550  0.17270
   0.96607  0.00592  0.16008
   0.96276  0.00637  0.15247
   0.95929  0.00683  0.14076
   0.95563  0.00732  0.13303
   0.95178  0.00783  0.12462
   0.94771  0.00837  0.11503
   0.94341  0.00893  0.10722
   0.93885  0.00953  0.09920
   0.93402  0.01016  0.09153
   0.92888  0.01082  0.08159
   0.92342  0.01152  0.07405
   0.91761  0.01226  0.06685
   0.91141  0.01305  0.05776
   0.90482  0.01388  0.05033
   0.89779  0.01475  0.04177
   0.89031  0.01568  0.03317
   0.88237  0.01665  0.02670
   0.87395  0.01767  0.01613
   0.86505  0.01874  0.00749
   0.85568  0.01986  0.00157
   0.84585  0.02101 -0.00866
   0.83560  0.02220 -0.01623
   0.82495  0.02343 -0.02444
   0.81395  0.02467 -0.03262
   0.80264  0.02594 -0.04058
   0.79106  0.02722 -0.04955
   0.77925  0.02850 -0.05689
   0.76726  0.02979 -0.06486
   0.75511  0.03107 -0.07244
   0.74283  0.03235 -0.08043
   0.73047  0.03361 -0.08759
   0.71802  0.03486 -0.09546
   0.70553  0.03610 -0.10200
   0.69299  0.03732 -0.11038
   0.68042  0.03852 -0.11718
   0.66784  0.03969 -0.12431
   0.65526  0.04085 -0.13142
   0.64267  0.04198 -0.13897
   0.63009  0.04309 -0.14607
   0.61752  0.04417 -0.15280
   0.60497  0.04522 -0.16004
   0.59244  0.04625 -0.16701
   0.57994  0.04725 -0.17400
   0.56747  0.04822 -0.18106
   0.55503  0.04915 -0.18808
   0.54263  0.05006 -0.19482
   0.53027  0.05093 -0.20216
   0.51795  0.05177 -0.20937
   0.50568  0.05258 -0.21577
   0.49346  0.05335 -0.22304
   0.48129  0.05408 -0.23049
   0.46919  0.05478 -0.23678
   0.45714  0.05543 -0.24421
   0.44516  0.05605 -0.25119
   0.43326  0.05663 -0.25827
   0.42143  0.05716 -0.26469
   0.40968  0.05766 -0.27184
   0.39803  0.05810 -0.27852
   0.38647  0.05851 -0.28602
   0.37502  0.05886 -0.29158
   0.36369  0.05917 -0.29917
   0.35248  0.05943 -0.30551
   0.34141  0.05965 -0.31179
   0.33049  0.05981 -0.31866
   0.31974  0.05993 -0.32420
   0.30916  0.06000 -0.33060
   0.29879  0.06002 -0.33719
   0.28862  0.05999 -0.34175
   0.27869  0.05991 -0.34866
   0.26900  0.05979 -0.35268
   0.25958  0.05963 -0.35934
   0.25043  0.05942 -0.36310
   0.24159  0.05918 -0.36823
   0.23305  0.05890 -0.37215
   0.22483  0.05859 -0.37644
   0.21693  0.05825 -0.38076
   0.20935  0.05788 -0.38398
   0.20211  0.05750 -0.38720
   0.19518  0.05709 -0.39051
   0.18858  0.05667 -0.39360
   0.18228  0.05623 -0.39516
   0.17628  0.05579 -0.39861
   0.17057  0.05533 -0.40028
   0.16514  0.05488 -0.40166
   0.15996  0.05441 -0.40461
   0.15504  0.05395 -0.40501
   0.15035  0.05349 -0.40627
   0.14588  0.05302 -0.40792
   0.14162  0.05256 -0.40920
   0.13755  0.05210 -0.40869
   0.13367  0.05164 -0.40996
   0.12996  0.05119 -0.41088
   0.12641  0.05074 -0.41163
   0.12302  0.05029 -0.41161
   0.11976  0.04985 -0.41145
   0.11664  0.04941 -0.41212
   0.11365  0.04898 -0.41197
   0.11077  0.04855 -0.40938
   0.10800  0.04812 -0.41367
   0.10533  0.04770 -0.40959
   0.10276  0.04729 -0.41215
   0.10028  0.04688 -0.40822
   0.09789  0.04647 -0.41195
   0.09558  0.04606 -0.40710
   0.09335  0.04567 -0.41031
   0.09119  0.04527 -0.40463
   0.08909  0.04488 -0.40752
   0.08707  0.04449 -0.40607
   0.08510  0.04411 -0.40520
   0.08319  0.04373 -0.40298
   0.08134  0.04335 -0.40212
   0.07954  0.04298 -0.40196
   0.07779  0.04261 -0.39877
   0.07609  0.04224 -0.39946
   0.07444  0.04187 -0.39650
   0.07282  0.04151 -0.39689
   0.07126  0.04115 -0.39416
   0.06973  0.04080 -0.39331
   0.06823  0.04045 -0.39038
   0.06678  0.04009 -0.39019
   0.06536  0.03975 -0.38680
   0.06397  0.03940 -0.38700
   0.06262  0.03906 -0.38457
   0.06129  0.03871 -0.38193
   0.06000  0.03838 -0.37903
   0.05873  0.03804 -0.37965
   0.05750  0.03770 -0.37460
   0.05628  0.03737 -0.37258
   0.05510  0.03704 -0.37210
   0.05394  0.03671 -0.36930
   0.05280  0.03638 -0.36686
   0.05168  0.03605 -0.36246
   0.05059  0.03572 -0.35993
   0.04952  0.03540 -0.35992
   0.04847  0.03508 -0.35382
   0.04744  0.03476 -0.35549
   0.04643  0.03444 -0.35038
   0.04543  0.03412 -0.34711
   0.04446  0.03380 -0.34492
   0.04350  0.03348 -0.33871
   0.04256  0.03316 -0.33872
   0.04164  0.03285 -0.33312
   0.04073  0.03253 -0.32904
   0.03984  0.03222 -0.32973
   0.03896  0.03191 -0.32317
   0.03810  0.03160 -0.32119
   0.03726  0.03128 -0.31375
   0.03642  0.03097 -0.31184
   0.03560  0.03066 -0.30814
   0.03480  0.03035 -0.30345
   0.03400  0.03004 -0.29764
   0.03322  0.02973 -0.29517
   0.03246  0.02942 -0.28926
   0.03170  0.02911 -0.28825
   0.03096  0.02881 -0.28056
   0.03022  0.02850 -0.27310
   0.02950  0.02819 -0.27367
   0.02879  0.02788 -0.26218
   0.02809  0.02757 -0.25907
   0.02740  0.02726 -0.25354
   0.02673  0.02695 -0.24885
   0.02606  0.02665 -0.24258
   0.02540  0.02634 -0.23395
   0.02475  0.02603 -0.23255
   0.02411  0.02572 -0.22069
   0.02348  0.02541 -0.21233
   0.02286  0.02510 -0.21172
   0.02225  0.02479 -0.20136
   0.02165  0.02448 -0.19539
   0.02106  0.02417 -0.18301
   0.02047  0.02385 -0.18112
   0.01990  0.02354 -0.16798
   0.01933  0.02323 -0.16564
   0.01877  0.02291 -0.14855
   0.01822  0.02260 -0.14669
   0.01767  0.02228 -0.13875
   0.01714  0.02197 -0.11847
   0.01661  0.02165 -0.11850
   0.01609  0.02133 -0.10592
   0.01558  0.02101 -0.09243
   0.01508  0.02069 -0.08381
   0.01458  0.02037 -0.07088
   0.01410  0.02004 -0.06263
   0.01362  0.01972 -0.04624
   0.01314  0.01939 -0.03958
   0.01268  0.01907 -0.02047
   0.01222  0.01874 -0.00899
   0.01177  0.01841  0.00227
   0.01133  0.01808  0.01815
   0.01089  0.01774  0.03690
   0.01046  0.01741  0.04760
   0.01004  0.01707  0.06473
   0.00963  0.01673  0.07946
   0.00922  0.01639  0.09952
   0.00883  0.01605  0.11313
   0.00843  0.01571  0.13679
   0.00805  0.01536  0.14751
   0.00768  0.01501  0.17327
   0.00731  0.01466  0.19056
   0.00695  0.01431  0.20989
   0.00659  0.01396  0.23759
   0.00625  0.01360  0.25034
   0.00591  0.01324  0.27624
   0.00558  0.01288  0.29703
   0.00526  0.01252  0.32932
   0.00495  0.01216  0.34439
   0.00465  0.01179  0.37043
   0.00435  0.01142  0.39539
   0.00406  0.01105  0.42869
   0.00379  0.01067  0.44822
   0.00352  0.01029  0.47611
   0.00326  0.00992  0.50597
   0.00300  0.00953  0.52964
   0.00276  0.00915  0.56104
   0.00253  0.00876  0.58622
   0.00230  0.00838  0.61596
   0.00209  0.00799  0.64190
   0.00189  0.00760  0.67217
   0.00169  0.00720  0.69776
   0.00151  0.00681  0.73242
   0.00134  0.00641  0.75067
   0.00117  0.00601  0.78125
   0.00102  0.00561  0.80741
   0.00088  0.00521  0.82287
   0.00075  0.00481  0.85708
   0.00063  0.00441  0.87596
   0.00052  0.00400  0.89457
   0.00042  0.00360  0.91685
   0.00033  0.00320  0.93063
   0.00025  0.00280  0.94961
   0.00018  0.00239  0.96226
   0.00013  0.00199  0.97168
   0.00008  0.00159  0.98357
   0.00004  0.00119  0.99082
   0.00002  0.00079  0.99558
   0.00000  0.00040  0.99892
   0.00000  0.00020  0.99969
   0.00000  0.00000  1.00000
   0.00000 -0.00039  0.99880
   0.00002 -0.00079  0.99610
   0.00004 -0.00119  0.99022
   0.00008 -0.00158  0.98429
   0.00013 -0.00198  0.97121
   0.00018 -0.00238  0.96289
   0.00025 -0.00278  0.94865
   0.00032 -0.00319  0.93187
   0.00041 -0.00359  0.91772
   0.00051 -0.00399  0.89693
   0.00062 -0.00439  0.87525
   0.00074 -0.00479  0.85415
   0.00087 -0.00519  0.82912
   0.00101 -0.00559  0.80810
   0.00116 -0.00599  0.78057
   0.00133 -0.00638  0.75745
   0.00150 -0.00678  0.72765
   0.00168 -0.00717  0.70321
   0.00187 -0.00757  0.67025
   0.00207 -0.00796  0.64789
   0.00229 -0.00834  0.61786
   0.00251 -0.00873  0.59358
   0.00274 -0.00911  0.55356
   0.00298 -0.00950  0.53839
   0.00323 -0.00988  0.50551
   0.00349 -0.01025  0.48068
   0.00376 -0.01063  0.45125
   0.00403 -0.01100  0.42541
   0.00432 -0.01137  0.40120
   0.00461 -0.01174  0.37391
   0.00491 -0.01211  0.35301
   0.00522 -0.01247  0.32295
   0.00554 -0.01283  0.30277
   0.00587 -0.01319  0.28118
   0.00620 -0.01355  0.25574
   0.00654 -0.01391  0.23554
   0.00689 -0.01426  0.21671
   0.00725 -0.01461  0.19062
   0.00762 -0.01496  0.17542
   0.00799 -0.01531  0.15495
   0.00837 -0.01565  0.13602
   0.00876 -0.01599  0.11329
   0.00915 -0.01633  0.10754
   0.00956 -0.01667  0.07835
   0.00997 -0.01701  0.06923
   0.01038 -0.01735  0.05358
   0.01081 -0.01768  0.03530
   0.01124 -0.01801  0.02034
   0.01168 -0.01834  0.00893
   0.01213 -0.01867 -0.01004
   0.01258 -0.01900 -0.01922
   0.01304 -0.01932 -0.03559
   0.01351 -0.01965 -0.04333
   0.01399 -0.01997 -0.05938
   0.01447 -0.02029 -0.06786
   0.01497 -0.02062 -0.08092
   0.01547 -0.02094 -0.09016
   0.01597 -0.02125 -0.10566
   0.01649 -0.02157 -0.11546
   0.01701 -0.02189 -0.11813
   0.01754 -0.02220 -0.14208
   0.01808 -0.02252 -0.13516
   0.01863 -0.02283 -0.15131
   0.01918 -0.02315 -0.15870
   0.01974 -0.02346 -0.17068
   0.02032 -0.02377 -0.17507
   0.02090 -0.02408 -0.18637
   0.02148 -0.02439 -0.18972
   0.02208 -0.02470 -0.20130
   0.02269 -0.02501 -0.20411
   0.02330 -0.02532 -0.21531
   0.02393 -0.02563 -0.22149
   0.02456 -0.02594 -0.22428
   0.02520 -0.02624 -0.23767
   0.02586 -0.02655 -0.24167
   0.02652 -0.02686 -0.24557
   0.02719 -0.02717 -0.24852
   0.02787 -0.02747 -0.25877
   0.02857 -0.02778 -0.26629
   0.02927 -0.02809 -0.26603
   0.02999 -0.02840 -0.27502
   0.03071 -0.02870 -0.27933
   0.03145 -0.02901 -0.28167
   0.03220 -0.02932 -0.28787
   0.03296 -0.02963 -0.29652
   0.03373 -0.02993 -0.29678
   0.03452 -0.03024 -0.30110
   0.03531 -0.03055 -0.30762
   0.03612 -0.03086 -0.30841
   0.03695 -0.03117 -0.31641
   0.03779 -0.03148 -0.31816
   0.03864 -0.03179 -0.32205
   0.03951 -0.03210 -0.32558
   0.04039 -0.03241 -0.33246
   0.04129 -0.03273 -0.32618
   0.04220 -0.03304 -0.34035
   0.04313 -0.03336 -0.33906
   0.04408 -0.03367 -0.34343
   0.04504 -0.03399 -0.34703
   0.04602 -0.03431 -0.34871
   0.04702 -0.03462 -0.35315
   0.04804 -0.03494 -0.35280
   0.04908 -0.03527 -0.35912
   0.05014 -0.03559 -0.35833
   0.05121 -0.03591 -0.36458
   0.05232 -0.03624 -0.36526
   0.05344 -0.03656 -0.36695
   0.05459 -0.03689 -0.36948
   0.05576 -0.03722 -0.37524
   0.05695 -0.03755 -0.37589
   0.05817 -0.03789 -0.37391
   0.05942 -0.03822 -0.38083
   0.06070 -0.03856 -0.38089
   0.06200 -0.03890 -0.38351
   0.06334 -0.03924 -0.38412
   0.06470 -0.03958 -0.38804
   0.06610 -0.03993 -0.38820
   0.06753 -0.04028 -0.39154
   0.06900 -0.04063 -0.39188
   0.07051 -0.04098 -0.39397
   0.07205 -0.04134 -0.39469
   0.07363 -0.04170 -0.39649
   0.07526 -0.04206 -0.39764
   0.07693 -0.04242 -0.40063
   0.07865 -0.04279 -0.40154
   0.08041 -0.04316 -0.40081
   0.08223 -0.04353 -0.40381
   0.08410 -0.04391 -0.40479
   0.08603 -0.04429 -0.40507
   0.08802 -0.04467 -0.40602
   0.09007 -0.04506 -0.40709
   0.09218 -0.04545 -0.40827
   0.09437 -0.04585 -0.40628
   0.09663 -0.04625 -0.41112
   0.09896 -0.04665 -0.41015
   0.10138 -0.04706 -0.41006
   0.10389 -0.04747 -0.41036
   0.10649 -0.04789 -0.41298
   0.10919 -0.04831 -0.40945
   0.11200 -0.04873 -0.41353
   0.11491 -0.04916 -0.41026
   0.11795 -0.04960 -0.41325
   0.12111 -0.05003 -0.41129
   0.12441 -0.05048 -0.41090
   0.12786 -0.05092 -0.41132
   0.13145 -0.05137 -0.41068
   0.13522 -0.05183 -0.41029
   0.13916 -0.05228 -0.40924
   0.14328 -0.05274 -0.40841
   0.14760 -0.05320 -0.40707
   0.15214 -0.05367 -0.40639
   0.15690 -0.05413 -0.40503
   0.16190 -0.05459 -0.40361
   0.16715 -0.05505 -0.40097
   0.17266 -0.05550 -0.40031
   0.17845 -0.05595 -0.39678
   0.18453 -0.05639 -0.39534
   0.19091 -0.05682 -0.39231
   0.19761 -0.05724 -0.38963
   0.20461 -0.05763 -0.38651
   0.21195 -0.05801 -0.38255
   0.21960 -0.05837 -0.37972
   0.22758 -0.05870 -0.37477
   0.23587 -0.05900 -0.37150
   0.24448 -0.05926 -0.36667
   0.25339 -0.05949 -0.36158
   0.26259 -0.05969 -0.35690
   0.27206 -0.05984 -0.35184
   0.28179 -0.05994 -0.34629
   0.29175 -0.06000 -0.34083
   0.30195 -0.06002 -0.33499
   0.31234 -0.05998 -0.32894
   0.32293 -0.05990 -0.32256
   0.33369 -0.05977 -0.31637
   0.34461 -0.05959 -0.31086
   0.35568 -0.05936 -0.30355
   0.36688 -0.05909 -0.29686
   0.37820 -0.05877 -0.29036
   0.38963 -0.05840 -0.28348
   0.40117 -0.05799 -0.27728
   0.41280 -0.05753 -0.26970
   0.42452 -0.05703 -0.26367
   0.43632 -0.05648 -0.25595
   0.44820 -0.05590 -0.24967
   0.46014 -0.05527 -0.24220
   0.47216 -0.05461 -0.23562
   0.48423 -0.05391 -0.22828
   0.49636 -0.05317 -0.22168
   0.50854 -0.05239 -0.21444
   0.52077 -0.05158 -0.20766
   0.53305 -0.05074 -0.20058
   0.54537 -0.04986 -0.19360
   0.55773 -0.04895 -0.18639
   0.57013 -0.04801 -0.17995
   0.58256 -0.04704 -0.17234
   0.59501 -0.04604 -0.16591
   0.60750 -0.04501 -0.15845
   0.62000 -0.04396 -0.15140
   0.63252 -0.04288 -0.14450
   0.64505 -0.04177 -0.13768
   0.65758 -0.04064 -0.13001
   0.67012 -0.03948 -0.12348
   0.68265 -0.03831 -0.11594
   0.69516 -0.03711 -0.10872
   0.70764 -0.03589 -0.10180
   0.72008 -0.03466 -0.09378
   0.73246 -0.03341 -0.08639
   0.74476 -0.03215 -0.07965
   0.75697 -0.03087 -0.07114
   0.76905 -0.02960 -0.06315
   0.78097 -0.02831 -0.05677
   0.79270 -0.02704 -0.04751
   0.80420 -0.02576 -0.04005
   0.81543 -0.02451 -0.03159
   0.82634 -0.02327 -0.02338
   0.83690 -0.02205 -0.01556
   0.84706 -0.02087 -0.00730
   0.85679 -0.01972  0.00130
   0.86607 -0.01862  0.00939
   0.87488 -0.01756  0.01790
   0.88322 -0.01655  0.02518
   0.89108 -0.01558  0.03549
   0.89848 -0.01467  0.04158
   0.90544 -0.01380  0.05101
   0.91197 -0.01298  0.05871
   0.91811 -0.01220  0.06769
   0.92387 -0.01146  0.07444
   0.92928 -0.01077  0.08265
   0.93437 -0.01011  0.09061
   0.93917 -0.00949  0.09993
   0.94369 -0.00890  0.10803
   0.94796 -0.00833  0.11526
   0.95200 -0.00780  0.12378
   0.95583 -0.00729  0.13554
   0.95946 -0.00681  0.13990
   0.96291 -0.00635  0.15159
   0.96620 -0.00591  0.16197
   0.96933 -0.00548  0.17075
   0.97232 -0.00508  0.18361
   0.97518 -0.00469  0.19206
   0.97792 -0.00432  0.20929
   0.98055 -0.00396  0.22163
   0.98307 -0.00361  0.23625
   0.98549 -0.00328  0.26019
   0.98782 -0.00296  0.28716
   0.99007 -0.00265  0.32467
   0.99152 -0.00244  0.38949
