naca 2412                                       
 Alfa =  13.00000 Re =        0.000 Xflap,Yflap =     0.000000    0.000000
#    x        y        Cp  
   0.99168  0.00300  0.43039
   0.99138  0.00306  0.42122
   0.99093  0.00315  0.40138
   0.99048  0.00325  0.35343
   0.99001  0.00334  0.35776
   0.98953  0.00344  0.34382
   0.98904  0.00354  0.28638
   0.98854  0.00365  0.34631
   0.98803  0.00375  0.28346
   0.98751  0.00386  0.32165
   0.98697  0.00397  0.27334
   0.98643  0.00408  0.29034
   0.98587  0.00419  0.25971
   0.98529  0.00431  0.28300
   0.98470  0.00443  0.24454
   0.98409  0.00456  0.25258
   0.98347  0.00468  0.23261
   0.98283  0.00481  0.27854
   0.98217  0.00495  0.19624
   0.98149  0.00509  0.26646
   0.98078  0.00523  0.17090
   0.98006  0.00537  0.25147
   0.97931  0.00553  0.18638
   0.97854  0.00568  0.20971
   0.97774  0.00584  0.21112
   0.97692  0.00601  0.18551
   0.97606  0.00618  0.16571
   0.97517  0.00636  0.19612
   0.97425  0.00655  0.16481
   0.97329  0.00674  0.17140
   0.97229  0.00694  0.15396
   0.97124  0.00715  0.16099
   0.97015  0.00737  0.15276
   0.96901  0.00760  0.13800
   0.96780  0.00784  0.12213
   0.96654  0.00809  0.14726
   0.96521  0.00835  0.10253
   0.96380  0.00863  0.12763
   0.96231  0.00893  0.10573
   0.96072  0.00924  0.10910
   0.95903  0.00958  0.08596
   0.95722  0.00993  0.09685
   0.95528  0.01031  0.07130
   0.95319  0.01072  0.07440
   0.95092  0.01116  0.06155
   0.94846  0.01164  0.05109
   0.94576  0.01216  0.04336
   0.94280  0.01273  0.03040
   0.93953  0.01336  0.02390
   0.93590  0.01405  0.00721
   0.93184  0.01482 -0.00252
   0.92730  0.01568 -0.02075
   0.92220  0.01663 -0.03118
   0.91647  0.01770 -0.04834
   0.91008  0.01888 -0.06677
   0.90301  0.02017 -0.08663
   0.89529  0.02156 -0.10349
   0.88698  0.02304 -0.12593
   0.87818  0.02459 -0.14589
   0.86900  0.02619 -0.16583
   0.85955  0.02781 -0.19108
   0.84990  0.02944 -0.20875
   0.84012  0.03107 -0.23007
   0.83025  0.03269 -0.25011
   0.82032  0.03429 -0.27008
   0.81035  0.03588 -0.29269
   0.80035  0.03744 -0.31000
   0.79033  0.03899 -0.33117
   0.78030  0.04051 -0.35074
   0.77026  0.04201 -0.36749
   0.76021  0.04348 -0.38989
   0.75016  0.04493 -0.40666
   0.74011  0.04635 -0.42710
   0.73006  0.04775 -0.44576
   0.72001  0.04912 -0.46611
   0.70997  0.05047 -0.48409
   0.69992  0.05179 -0.50318
   0.68989  0.05308 -0.52229
   0.67985  0.05435 -0.54124
   0.66983  0.05559 -0.56240
   0.65981  0.05681 -0.57985
   0.64980  0.05800 -0.60050
   0.63980  0.05916 -0.61925
   0.62981  0.06029 -0.63969
   0.61983  0.06139 -0.65955
   0.60986  0.06247 -0.67983
   0.59991  0.06351 -0.70016
   0.58998  0.06453 -0.71987
   0.58005  0.06552 -0.74148
   0.57015  0.06648 -0.76342
   0.56027  0.06741 -0.78313
   0.55040  0.06831 -0.80569
   0.54056  0.06917 -0.82700
   0.53073  0.07001 -0.85048
   0.52093  0.07081 -0.87218
   0.51115  0.07158 -0.89511
   0.50140  0.07232 -0.91927
   0.49168  0.07303 -0.94188
   0.48199  0.07370 -0.96519
   0.47233  0.07434 -0.99342
   0.46270  0.07494 -1.01514
   0.45311  0.07551 -1.04467
   0.44357  0.07604 -1.06916
   0.43408  0.07654 -1.09486
   0.42465  0.07700 -1.12487
   0.41530  0.07742 -1.15595
   0.40604  0.07780 -1.18085
   0.39692  0.07814 -1.22055
   0.38791  0.07843 -1.24798
   0.37899  0.07868 -1.27963
   0.37015  0.07888 -1.30877
   0.36137  0.07903 -1.33961
   0.35264  0.07914 -1.36757
   0.34396  0.07920 -1.39943
   0.33533  0.07922 -1.42810
   0.32675  0.07919 -1.45848
   0.31822  0.07911 -1.49193
   0.30974  0.07899 -1.52580
   0.30131  0.07882 -1.55098
   0.29293  0.07860 -1.58847
   0.28461  0.07834 -1.61926
   0.27635  0.07802 -1.65369
   0.26815  0.07767 -1.69035
   0.26001  0.07726 -1.72470
   0.25193  0.07681 -1.75992
   0.24393  0.07631 -1.79711
   0.23599  0.07577 -1.83265
   0.22813  0.07517 -1.87172
   0.22035  0.07454 -1.91500
   0.21266  0.07385 -1.94852
   0.20505  0.07312 -1.99885
   0.19753  0.07235 -2.03405
   0.19011  0.07153 -2.08279
   0.18280  0.07067 -2.12956
   0.17560  0.06976 -2.17062
   0.16851  0.06882 -2.22285
   0.16155  0.06783 -2.27407
   0.15473  0.06681 -2.32417
   0.14804  0.06576 -2.37648
   0.14151  0.06467 -2.43022
   0.13515  0.06356 -2.48956
   0.12896  0.06242 -2.54736
   0.12296  0.06127 -2.60613
   0.11716  0.06009 -2.67126
   0.11157  0.05891 -2.73535
   0.10619  0.05772 -2.80168
   0.10105  0.05654 -2.86046
   0.09613  0.05536 -2.94058
   0.09145  0.05419 -3.00504
   0.08702  0.05303 -3.07463
   0.08281  0.05190 -3.15317
   0.07884  0.05079 -3.21168
   0.07510  0.04971 -3.30056
   0.07157  0.04865 -3.36861
   0.06825  0.04762 -3.43806
   0.06513  0.04663 -3.51742
   0.06219  0.04566 -3.58729
   0.05943  0.04472 -3.67061
   0.05683  0.04382 -3.72398
   0.05438  0.04294 -3.83303
   0.05207  0.04209 -3.86886
   0.04989  0.04126 -3.96907
   0.04783  0.04046 -4.03648
   0.04588  0.03969 -4.12195
   0.04403  0.03894 -4.19044
   0.04228  0.03821 -4.24756
   0.04062  0.03750 -4.35430
   0.03904  0.03681 -4.38418
   0.03754  0.03614 -4.51168
   0.03610  0.03549 -4.54839
   0.03473  0.03485 -4.64530
   0.03343  0.03423 -4.70344
   0.03218  0.03362 -4.79476
   0.03098  0.03303 -4.87196
   0.02983  0.03245 -4.93973
   0.02873  0.03188 -5.03694
   0.02768  0.03132 -5.05732
   0.02666  0.03078 -5.17630
   0.02568  0.03024 -5.25763
   0.02474  0.02972 -5.32829
   0.02384  0.02920 -5.41777
   0.02296  0.02869 -5.46861
   0.02212  0.02819 -5.58968
   0.02131  0.02770 -5.61172
   0.02052  0.02722 -5.78475
   0.01976  0.02674 -5.79259
   0.01903  0.02627 -5.86690
   0.01832  0.02581 -5.99556
   0.01763  0.02535 -6.05740
   0.01696  0.02489 -6.12487
   0.01632  0.02445 -6.23303
   0.01569  0.02401 -6.31682
   0.01508  0.02357 -6.40846
   0.01449  0.02313 -6.47257
   0.01392  0.02271 -6.59426
   0.01337  0.02228 -6.60868
   0.01283  0.02186 -6.79218
   0.01231  0.02144 -6.81718
   0.01180  0.02103 -6.91507
   0.01131  0.02062 -7.02967
   0.01083  0.02021 -7.14438
   0.01036  0.01981 -7.16881
   0.00991  0.01941 -7.21817
   0.00947  0.01901 -7.47142
   0.00905  0.01861 -7.37500
   0.00863  0.01822 -7.63264
   0.00823  0.01783 -7.59188
   0.00784  0.01744 -7.79213
   0.00746  0.01705 -7.80021
   0.00709  0.01667 -7.92064
   0.00673  0.01628 -8.01169
   0.00639  0.01590 -8.07136
   0.00605  0.01552 -8.23045
   0.00572  0.01514 -8.26893
   0.00541  0.01477 -8.36093
   0.00510  0.01439 -8.45027
   0.00481  0.01401 -8.52764
   0.00452  0.01364 -8.58446
   0.00424  0.01327 -8.73048
   0.00397  0.01290 -8.76645
   0.00371  0.01253 -8.94995
   0.00346  0.01216 -8.83043
   0.00322  0.01179 -8.97034
   0.00299  0.01142 -9.14823
   0.00277  0.01106 -9.03020
   0.00256  0.01069 -9.24377
   0.00235  0.01033 -9.29380
   0.00215  0.00996 -9.24128
   0.00197  0.00960 -9.36315
   0.00179  0.00924 -9.36689
   0.00162  0.00887 -9.30843
   0.00145  0.00851 -9.42283
   0.00130  0.00815 -9.52937
   0.00115  0.00780 -9.39356
   0.00102  0.00744 -9.48196
   0.00089  0.00708 -9.38426
   0.00077  0.00673 -9.56545
   0.00066  0.00637 -9.42433
   0.00055  0.00602 -9.28289
   0.00046  0.00567 -9.43018
   0.00037  0.00532 -9.37773
   0.00029  0.00497 -9.20195
   0.00022  0.00462 -9.22450
   0.00016  0.00428 -9.08217
   0.00010  0.00393 -8.95844
   0.00005  0.00359 -9.01128
   0.00001  0.00325 -8.95728
  -0.00002  0.00291 -8.62439
  -0.00004  0.00258 -8.72871
  -0.00006  0.00224 -8.53660
  -0.00007  0.00191 -8.33880
  -0.00008  0.00158 -8.22158
  -0.00007  0.00125 -8.07476
  -0.00007  0.00093 -8.05461
  -0.00005  0.00060 -7.71596
  -0.00003  0.00030 -7.75649
   0.00000  0.00000 -7.48763
   0.00002 -0.00019 -7.47094
   0.00004 -0.00039 -7.31108
   0.00009 -0.00072 -7.14322
   0.00014 -0.00105 -7.10842
   0.00020 -0.00138 -6.71095
   0.00027 -0.00172 -6.65291
   0.00034 -0.00205 -6.40558
   0.00043 -0.00239 -6.29772
   0.00052 -0.00273 -6.05783
   0.00062 -0.00306 -5.84413
   0.00073 -0.00340 -5.67621
   0.00084 -0.00374 -5.41976
   0.00097 -0.00408 -5.30959
   0.00110 -0.00442 -5.08509
   0.00124 -0.00476 -4.84602
   0.00139 -0.00510 -4.61703
   0.00155 -0.00544 -4.41891
   0.00172 -0.00577 -4.26650
   0.00190 -0.00611 -4.00282
   0.00209 -0.00645 -3.86671
   0.00228 -0.00679 -3.61653
   0.00248 -0.00712 -3.46412
   0.00270 -0.00746 -3.20359
   0.00292 -0.00780 -3.13456
   0.00315 -0.00813 -2.83431
   0.00339 -0.00846 -2.71367
   0.00364 -0.00880 -2.55702
   0.00390 -0.00913 -2.29790
   0.00417 -0.00946 -2.27595
   0.00444 -0.00979 -2.04886
   0.00473 -0.01012 -1.87210
   0.00502 -0.01045 -1.75175
   0.00533 -0.01078 -1.58533
   0.00564 -0.01110 -1.51186
   0.00597 -0.01143 -1.34218
   0.00630 -0.01175 -1.19715
   0.00664 -0.01208 -1.09314
   0.00700 -0.01240 -0.96092
   0.00736 -0.01272 -0.88465
   0.00773 -0.01305 -0.75760
   0.00812 -0.01337 -0.64572
   0.00851 -0.01369 -0.56057
   0.00892 -0.01401 -0.46943
   0.00933 -0.01433 -0.38076
   0.00976 -0.01465 -0.29171
   0.01020 -0.01497 -0.21379
   0.01065 -0.01529 -0.12856
   0.01111 -0.01561 -0.05900
   0.01159 -0.01593 -0.00753
   0.01208 -0.01625  0.08347
   0.01258 -0.01656  0.13147
   0.01309 -0.01688  0.19367
   0.01362 -0.01720  0.26639
   0.01416 -0.01752  0.29699
   0.01471 -0.01784  0.35745
   0.01529 -0.01816  0.40637
   0.01587 -0.01849  0.45472
   0.01648 -0.01881  0.48335
   0.01710 -0.01913  0.54499
   0.01773 -0.01946  0.56990
   0.01839 -0.01978  0.60412
   0.01906 -0.02011  0.64897
   0.01976 -0.02044  0.67210
   0.02047 -0.02077  0.70896
   0.02121 -0.02110  0.73187
   0.02197 -0.02143  0.75929
   0.02276 -0.02176  0.78960
   0.02356 -0.02210  0.80326
   0.02440 -0.02244  0.83544
   0.02526 -0.02278  0.84858
   0.02615 -0.02313  0.86660
   0.02707 -0.02348  0.88498
   0.02803 -0.02383  0.90437
   0.02902 -0.02418  0.91659
   0.03004 -0.02454  0.92779
   0.03111 -0.02490  0.94325
   0.03221 -0.02526  0.95032
   0.03336 -0.02563  0.96255
   0.03456 -0.02601  0.96906
   0.03581 -0.02638  0.97689
   0.03711 -0.02677  0.98560
   0.03847 -0.02716  0.98807
   0.03989 -0.02755  0.99344
   0.04138 -0.02795  0.99695
   0.04294 -0.02836  0.99807
   0.04458 -0.02877  0.99987
   0.04631 -0.02919  1.00000
   0.04812 -0.02962  0.99908
   0.05004 -0.03006  0.99777
   0.05207 -0.03050  0.99429
   0.05421 -0.03096  0.99154
   0.05649 -0.03142  0.98660
   0.05890 -0.03189  0.98150
   0.06147 -0.03237  0.97384
   0.06421 -0.03286  0.96783
   0.06714 -0.03335  0.95900
   0.07026 -0.03386  0.94907
   0.07360 -0.03437  0.93970
   0.07718 -0.03489  0.92849
   0.08102 -0.03542  0.91585
   0.08513 -0.03595  0.90304
   0.08952 -0.03648  0.89017
   0.09422 -0.03701  0.87513
   0.09924 -0.03753  0.86027
   0.10457 -0.03805  0.84448
   0.11024 -0.03855  0.82864
   0.11623 -0.03903  0.81228
   0.12255 -0.03950  0.79655
   0.12917 -0.03993  0.77836
   0.13610 -0.04034  0.76212
   0.14332 -0.04072  0.74631
   0.15080 -0.04106  0.72953
   0.15854 -0.04136  0.71354
   0.16651 -0.04162  0.69999
   0.17471 -0.04185  0.68311
   0.18311 -0.04203  0.66867
   0.19171 -0.04218  0.65417
   0.20049 -0.04228  0.64057
   0.20945 -0.04235  0.62876
   0.21856 -0.04238  0.61408
   0.22783 -0.04237  0.60345
   0.23725 -0.04232  0.59104
   0.24680 -0.04224  0.57917
   0.25649 -0.04213  0.56955
   0.26630 -0.04198  0.55832
   0.27623 -0.04181  0.54912
   0.28628 -0.04160  0.53859
   0.29644 -0.04137  0.52887
   0.30670 -0.04112  0.52086
   0.31707 -0.04083  0.51241
   0.32753 -0.04053  0.50346
   0.33808 -0.04021  0.49533
   0.34871 -0.03986  0.48702
   0.35941 -0.03950  0.47944
   0.37017 -0.03913  0.47233
   0.38098 -0.03874  0.46405
   0.39178 -0.03834  0.45762
   0.40254 -0.03793  0.44719
   0.41321 -0.03752  0.44167
   0.42383 -0.03708  0.43359
   0.43444 -0.03663  0.42810
   0.44507 -0.03616  0.42045
   0.45572 -0.03567  0.41624
   0.46640 -0.03516  0.40939
   0.47712 -0.03463  0.40497
   0.48788 -0.03409  0.39890
   0.49868 -0.03353  0.39491
   0.50952 -0.03296  0.38876
   0.52039 -0.03237  0.38451
   0.53130 -0.03177  0.38050
   0.54225 -0.03116  0.37548
   0.55322 -0.03054  0.37134
   0.56423 -0.02990  0.36686
   0.57527 -0.02926  0.36450
   0.58634 -0.02860  0.35849
   0.59744 -0.02794  0.35479
   0.60856 -0.02727  0.35146
   0.61970 -0.02659  0.34807
   0.63087 -0.02590  0.34286
   0.64206 -0.02520  0.34126
   0.65327 -0.02450  0.33672
   0.66449 -0.02380  0.33397
   0.67573 -0.02309  0.32863
   0.68699 -0.02237  0.32735
   0.69826 -0.02165  0.32236
   0.70954 -0.02093  0.32198
   0.72082 -0.02020  0.31605
   0.73212 -0.01947  0.31448
   0.74342 -0.01873  0.31107
   0.75473 -0.01800  0.30856
   0.76604 -0.01726  0.30422
   0.77734 -0.01651  0.30344
   0.78864 -0.01577  0.29872
   0.79993 -0.01502  0.29737
   0.81119 -0.01427  0.29494
   0.82242 -0.01353  0.29229
   0.83358 -0.01278  0.29052
   0.84464 -0.01204  0.28791
   0.85553 -0.01131  0.28732
   0.86618 -0.01059  0.28339
   0.87645 -0.00989  0.28399
   0.88621 -0.00923  0.28139
   0.89530 -0.00861  0.28325
   0.90360 -0.00804  0.27933
   0.91105 -0.00753  0.28449
   0.91765 -0.00707  0.28099
   0.92346 -0.00667  0.28214
   0.92857 -0.00632  0.28163
   0.93307 -0.00601  0.28588
   0.93706 -0.00573  0.28396
   0.94062 -0.00548  0.28373
   0.94381 -0.00526  0.29215
   0.94669 -0.00505  0.28404
   0.94931 -0.00487  0.28954
   0.95171 -0.00470  0.29395
   0.95391 -0.00455  0.29096
   0.95595 -0.00440  0.28869
   0.95784 -0.00427  0.29121
   0.95960 -0.00415  0.30189
   0.96125 -0.00403  0.28254
   0.96279 -0.00392  0.31597
   0.96425 -0.00382  0.28911
   0.96563 -0.00372  0.30607
   0.96693 -0.00363  0.29701
   0.96817 -0.00354  0.30714
   0.96935 -0.00345  0.30512
   0.97048 -0.00337  0.30215
   0.97155 -0.00330  0.30948
   0.97258 -0.00322  0.31537
   0.97356 -0.00315  0.30480
   0.97451 -0.00309  0.32537
   0.97542 -0.00302  0.29618
   0.97630 -0.00296  0.32711
   0.97714 -0.00290  0.32439
   0.97796 -0.00284  0.29832
   0.97875 -0.00278  0.35891
   0.97951 -0.00273  0.30890
   0.98025 -0.00268  0.32850
   0.98096 -0.00262  0.31984
   0.98166 -0.00257  0.34573
   0.98233 -0.00253  0.33052
   0.98299 -0.00248  0.33377
   0.98363 -0.00243  0.34543
   0.98424 -0.00239  0.33875
   0.98485 -0.00235  0.34667
   0.98543 -0.00230  0.33693
   0.98601 -0.00226  0.36169
   0.98657 -0.00222  0.36985
   0.98711 -0.00218  0.35873
   0.98764 -0.00215  0.35968
   0.98816 -0.00211  0.37739
   0.98867 -0.00207  0.36002
   0.98917 -0.00204  0.39502
   0.98966 -0.00200  0.37440
   0.99013 -0.00197  0.41727
   0.99060 -0.00193  0.38283
   0.99106 -0.00190  0.43942
   0.99136 -0.00188  0.43039
