naca 4412                                       
 Alfa =   0.00000 Re =        0.000 Xflap,Yflap =     0.000000    0.000000
#    x        y        Cp  
   0.99461  0.00278  0.40412
   0.99431  0.00287  0.36806
   0.99386  0.00299  0.36212
   0.99340  0.00312  0.32048
   0.99293  0.00325  0.32115
   0.99245  0.00338  0.29563
   0.99196  0.00351  0.29697
   0.99145  0.00365  0.27414
   0.99094  0.00379  0.28047
   0.99041  0.00394  0.25848
   0.98987  0.00408  0.24638
   0.98932  0.00424  0.24345
   0.98875  0.00439  0.24851
   0.98817  0.00455  0.23521
   0.98757  0.00471  0.21212
   0.98695  0.00488  0.22982
   0.98632  0.00505  0.20772
   0.98567  0.00523  0.20250
   0.98500  0.00541  0.19389
   0.98431  0.00560  0.18879
   0.98360  0.00579  0.20502
   0.98286  0.00599  0.16721
   0.98210  0.00619  0.19179
   0.98132  0.00641  0.15315
   0.98050  0.00662  0.17162
   0.97966  0.00685  0.14905
   0.97878  0.00709  0.16282
   0.97787  0.00733  0.14651
   0.97693  0.00758  0.14416
   0.97594  0.00785  0.12634
   0.97491  0.00812  0.13900
   0.97383  0.00841  0.12156
   0.97271  0.00871  0.11885
   0.97152  0.00903  0.11024
   0.97028  0.00936  0.11282
   0.96897  0.00970  0.08982
   0.96758  0.01007  0.09537
   0.96611  0.01046  0.08734
   0.96455  0.01087  0.08633
   0.96289  0.01130  0.07382
   0.96111  0.01177  0.06746
   0.95920  0.01227  0.06246
   0.95715  0.01280  0.05052
   0.95493  0.01338  0.04791
   0.95251  0.01400  0.03568
   0.94988  0.01468  0.03052
   0.94698  0.01542  0.01587
   0.94379  0.01623  0.00999
   0.94026  0.01713  0.00081
   0.93632  0.01812 -0.01443
   0.93193  0.01922 -0.02166
   0.92701  0.02044 -0.03580
   0.92152  0.02180 -0.04850
   0.91541  0.02329 -0.06347
   0.90868  0.02492 -0.07895
   0.90133  0.02667 -0.09207
   0.89345  0.02854 -0.11157
   0.88510  0.03048 -0.12351
   0.87640  0.03248 -0.14145
   0.86743  0.03451 -0.15674
   0.85826  0.03656 -0.17142
   0.84895  0.03860 -0.18708
   0.83955  0.04063 -0.20095
   0.83008  0.04264 -0.21633
   0.82057  0.04463 -0.22859
   0.81103  0.04659 -0.24320
   0.80146  0.04852 -0.25535
   0.79188  0.05042 -0.26899
   0.78229  0.05229 -0.28067
   0.77268  0.05413 -0.29295
   0.76307  0.05594 -0.30537
   0.75346  0.05771 -0.31750
   0.74384  0.05945 -0.32743
   0.73421  0.06116 -0.33959
   0.72459  0.06283 -0.35015
   0.71496  0.06447 -0.36175
   0.70534  0.06608 -0.37127
   0.69572  0.06765 -0.38318
   0.68609  0.06919 -0.39305
   0.67648  0.07069 -0.40205
   0.66686  0.07216 -0.41409
   0.65725  0.07359 -0.42274
   0.64765  0.07499 -0.43295
   0.63805  0.07635 -0.44264
   0.62846  0.07767 -0.45304
   0.61888  0.07896 -0.46187
   0.60931  0.08022 -0.47109
   0.59974  0.08143 -0.48117
   0.59019  0.08261 -0.49059
   0.58066  0.08375 -0.49991
   0.57113  0.08485 -0.50828
   0.56162  0.08592 -0.51862
   0.55212  0.08695 -0.52691
   0.54264  0.08794 -0.53682
   0.53318  0.08888 -0.54481
   0.52373  0.08980 -0.55486
   0.51431  0.09067 -0.56385
   0.50491  0.09150 -0.57294
   0.49553  0.09229 -0.58183
   0.48617  0.09304 -0.59001
   0.47684  0.09375 -0.60193
   0.46755  0.09441 -0.60736
   0.45829  0.09504 -0.62096
   0.44907  0.09562 -0.62764
   0.43991  0.09616 -0.63876
   0.43081  0.09666 -0.64785
   0.42179  0.09711 -0.65975
   0.41288  0.09751 -0.67015
   0.40411  0.09787 -0.68450
   0.39553  0.09818 -0.70111
   0.38711  0.09843 -0.71198
   0.37879  0.09862 -0.71957
   0.37055  0.09876 -0.72993
   0.36237  0.09883 -0.73553
   0.35424  0.09886 -0.74371
   0.34617  0.09883 -0.75072
   0.33813  0.09874 -0.75358
   0.33014  0.09861 -0.76001
   0.32218  0.09842 -0.76531
   0.31427  0.09817 -0.76766
   0.30639  0.09787 -0.77224
   0.29856  0.09752 -0.77387
   0.29077  0.09711 -0.77607
   0.28302  0.09665 -0.77960
   0.27531  0.09614 -0.77927
   0.26765  0.09558 -0.77958
   0.26004  0.09496 -0.78252
   0.25249  0.09429 -0.78139
   0.24498  0.09356 -0.77900
   0.23753  0.09279 -0.78185
   0.23014  0.09196 -0.77730
   0.22281  0.09108 -0.77627
   0.21555  0.09015 -0.77116
   0.20835  0.08918 -0.77183
   0.20122  0.08815 -0.76591
   0.19417  0.08707 -0.76384
   0.18720  0.08595 -0.75514
   0.18032  0.08478 -0.75423
   0.17352  0.08357 -0.74554
   0.16682  0.08231 -0.74023
   0.16022  0.08101 -0.73398
   0.15373  0.07968 -0.72594
   0.14735  0.07830 -0.71802
   0.14110  0.07690 -0.70984
   0.13498  0.07546 -0.69990
   0.12901  0.07400 -0.69021
   0.12319  0.07252 -0.68091
   0.11753  0.07102 -0.67069
   0.11204  0.06951 -0.66009
   0.10674  0.06799 -0.64801
   0.10163  0.06648 -0.63588
   0.09672  0.06497 -0.62465
   0.09201  0.06347 -0.61073
   0.08752  0.06200 -0.59806
   0.08324  0.06054 -0.58741
   0.07918  0.05912 -0.57104
   0.07533  0.05772 -0.56011
   0.07170  0.05637 -0.54504
   0.06826  0.05505 -0.53100
   0.06502  0.05377 -0.52158
   0.06197  0.05253 -0.50324
   0.05909  0.05133 -0.49212
   0.05638  0.05017 -0.47591
   0.05383  0.04905 -0.46715
   0.05143  0.04797 -0.44886
   0.04916  0.04693 -0.43894
   0.04702  0.04592 -0.42270
   0.04500  0.04494 -0.41076
   0.04309  0.04400 -0.39884
   0.04128  0.04309 -0.38092
   0.03956  0.04221 -0.37193
   0.03794  0.04135 -0.36033
   0.03639  0.04053 -0.33890
   0.03492  0.03972 -0.33640
   0.03352  0.03894 -0.31850
   0.03219  0.03818 -0.30619
   0.03091  0.03744 -0.28959
   0.02970  0.03673 -0.27927
   0.02853  0.03602 -0.26649
   0.02742  0.03534 -0.24808
   0.02635  0.03468 -0.24316
   0.02533  0.03402 -0.22045
   0.02435  0.03339 -0.21284
   0.02341  0.03276 -0.19780
   0.02250  0.03215 -0.18416
   0.02162  0.03156 -0.17102
   0.02078  0.03097 -0.15615
   0.01997  0.03040 -0.14076
   0.01919  0.02983 -0.13728
   0.01844  0.02928 -0.10471
   0.01771  0.02873 -0.09987
   0.01701  0.02819 -0.08169
   0.01633  0.02767 -0.07074
   0.01568  0.02715 -0.05422
   0.01504  0.02664 -0.04031
   0.01443  0.02613 -0.02224
   0.01383  0.02563 -0.01139
   0.01326  0.02514  0.00164
   0.01270  0.02466  0.03363
   0.01216  0.02418  0.03218
   0.01164  0.02371  0.05886
   0.01113  0.02324  0.07437
   0.01064  0.02278  0.08200
   0.01016  0.02232  0.10783
   0.00970  0.02187  0.12571
   0.00925  0.02142  0.12848
   0.00882  0.02097  0.18023
   0.00840  0.02053  0.17115
   0.00799  0.02010  0.19235
   0.00759  0.01966  0.21216
   0.00721  0.01924  0.22671
   0.00684  0.01881  0.25270
   0.00648  0.01839  0.27343
   0.00613  0.01797  0.29741
   0.00579  0.01755  0.30008
   0.00546  0.01714  0.33751
   0.00514  0.01673  0.35233
   0.00484  0.01632  0.36501
   0.00454  0.01592  0.39986
   0.00425  0.01551  0.41305
   0.00397  0.01511  0.43416
   0.00371  0.01472  0.45657
   0.00345  0.01432  0.47321
   0.00320  0.01392  0.50709
   0.00296  0.01353  0.51554
   0.00273  0.01314  0.55493
   0.00251  0.01275  0.55726
   0.00230  0.01237  0.59073
   0.00209  0.01198  0.61240
   0.00190  0.01160  0.63254
   0.00171  0.01122  0.65721
   0.00153  0.01084  0.68125
   0.00136  0.01046  0.69433
   0.00120  0.01008  0.72639
   0.00105  0.00971  0.74910
   0.00091  0.00933  0.75155
   0.00077  0.00896  0.78163
   0.00064  0.00859  0.81154
   0.00052  0.00822  0.82211
   0.00041  0.00786  0.84302
   0.00031  0.00749  0.85692
   0.00022  0.00713  0.88212
   0.00013  0.00677  0.89816
   0.00005  0.00641  0.90592
  -0.00002  0.00605  0.92521
  -0.00008  0.00570  0.93531
  -0.00013  0.00534  0.94944
  -0.00018  0.00499  0.96283
  -0.00022  0.00464  0.97054
  -0.00025  0.00430  0.97937
  -0.00027  0.00395  0.98592
  -0.00029  0.00361  0.99183
  -0.00030  0.00327  0.99622
  -0.00030  0.00294  0.99879
  -0.00029  0.00260  0.99982
  -0.00028  0.00227  0.99922
  -0.00026  0.00193  0.99856
  -0.00023  0.00160  0.99223
  -0.00020  0.00127  0.99135
  -0.00016  0.00094  0.98243
  -0.00011  0.00061  0.97545
  -0.00006  0.00031  0.96657
   0.00000  0.00000  0.95824
   0.00004 -0.00018  0.94365
   0.00008 -0.00037  0.94842
   0.00016 -0.00069  0.92948
   0.00024 -0.00102  0.91163
   0.00033 -0.00135  0.89654
   0.00043 -0.00168  0.88404
   0.00054 -0.00200  0.85243
   0.00066 -0.00233  0.83864
   0.00079 -0.00266  0.81926
   0.00092 -0.00299  0.79166
   0.00106 -0.00332  0.76335
   0.00121 -0.00364  0.75026
   0.00137 -0.00397  0.71244
   0.00154 -0.00430  0.68268
   0.00172 -0.00462  0.66090
   0.00190 -0.00495  0.63606
   0.00210 -0.00527  0.60698
   0.00230 -0.00559  0.56081
   0.00252 -0.00591  0.55291
   0.00274 -0.00623  0.53634
   0.00297 -0.00655  0.47364
   0.00321 -0.00687  0.46667
   0.00346 -0.00718  0.43117
   0.00371 -0.00749  0.38127
   0.00398 -0.00781  0.40355
   0.00426 -0.00812  0.32337
   0.00454 -0.00842  0.32469
   0.00484 -0.00873  0.30221
   0.00514 -0.00904  0.25004
   0.00545 -0.00934  0.25187
   0.00578 -0.00964  0.21253
   0.00611 -0.00994  0.18726
   0.00645 -0.01024  0.17957
   0.00680 -0.01053  0.12725
   0.00716 -0.01083  0.13573
   0.00753 -0.01112  0.10021
   0.00791 -0.01141  0.07545
   0.00830 -0.01170  0.07266
   0.00871 -0.01199  0.03566
   0.00912 -0.01227  0.03204
   0.00954 -0.01256 -0.00094
   0.00997 -0.01284 -0.00855
   0.01042 -0.01312 -0.02229
   0.01087 -0.01340 -0.04952
   0.01134 -0.01368 -0.06110
   0.01181 -0.01396 -0.06323
   0.01230 -0.01423 -0.08684
   0.01281 -0.01451 -0.10111
   0.01332 -0.01478 -0.10747
   0.01385 -0.01505 -0.12183
   0.01439 -0.01532 -0.14008
   0.01495 -0.01559 -0.13362
   0.01552 -0.01586 -0.15917
   0.01610 -0.01613 -0.15411
   0.01670 -0.01640 -0.18742
   0.01732 -0.01667 -0.17532
   0.01795 -0.01693 -0.19129
   0.01860 -0.01720 -0.19458
   0.01927 -0.01747 -0.20691
   0.01995 -0.01773 -0.20026
   0.02066 -0.01800 -0.22936
   0.02139 -0.01826 -0.22602
   0.02213 -0.01853 -0.21399
   0.02290 -0.01879 -0.24860
   0.02370 -0.01905 -0.23616
   0.02451 -0.01932 -0.24349
   0.02536 -0.01958 -0.24644
   0.02623 -0.01985 -0.24936
   0.02712 -0.02011 -0.26101
   0.02805 -0.02038 -0.25662
   0.02901 -0.02064 -0.26391
   0.03001 -0.02091 -0.26092
   0.03104 -0.02117 -0.26550
   0.03211 -0.02144 -0.26977
   0.03322 -0.02171 -0.26865
   0.03437 -0.02197 -0.27723
   0.03557 -0.02224 -0.27019
   0.03682 -0.02251 -0.26729
   0.03813 -0.02278 -0.27918
   0.03949 -0.02305 -0.27084
   0.04091 -0.02333 -0.27625
   0.04240 -0.02360 -0.26974
   0.04396 -0.02387 -0.27814
   0.04560 -0.02415 -0.26606
   0.04733 -0.02442 -0.27863
   0.04915 -0.02470 -0.26273
   0.05107 -0.02498 -0.27002
   0.05310 -0.02525 -0.26409
   0.05526 -0.02553 -0.26620
   0.05754 -0.02581 -0.25198
   0.05998 -0.02609 -0.25859
   0.06258 -0.02636 -0.25653
   0.06535 -0.02663 -0.24789
   0.06833 -0.02690 -0.24195
   0.07152 -0.02717 -0.24039
   0.07494 -0.02742 -0.23422
   0.07864 -0.02767 -0.22741
   0.08261 -0.02791 -0.22253
   0.08690 -0.02814 -0.21470
   0.09153 -0.02834 -0.20827
   0.09651 -0.02853 -0.19954
   0.10187 -0.02869 -0.19149
   0.10762 -0.02882 -0.18145
   0.11378 -0.02892 -0.17445
   0.12034 -0.02898 -0.16289
   0.12731 -0.02900 -0.15387
   0.13468 -0.02897 -0.14335
   0.14242 -0.02890 -0.13220
   0.15053 -0.02878 -0.12270
   0.15898 -0.02861 -0.11035
   0.16775 -0.02840 -0.10034
   0.17683 -0.02813 -0.09033
   0.18619 -0.02783 -0.07837
   0.19582 -0.02748 -0.06869
   0.20569 -0.02709 -0.05683
   0.21580 -0.02667 -0.04842
   0.22614 -0.02621 -0.03683
   0.23667 -0.02572 -0.02829
   0.24740 -0.02521 -0.01739
   0.25831 -0.02468 -0.01020
   0.26936 -0.02413 -0.00014
   0.28054 -0.02357  0.00822
   0.29178 -0.02301  0.01612
   0.30302 -0.02244  0.02237
   0.31421 -0.02188  0.03088
   0.32533 -0.02134  0.03546
   0.33637 -0.02080  0.04305
   0.34733 -0.02029  0.04698
   0.35822 -0.01978  0.05253
   0.36905 -0.01930  0.05453
   0.37985 -0.01884  0.05962
   0.39064 -0.01840  0.06039
   0.40147 -0.01797  0.06010
   0.41242 -0.01755  0.05708
   0.42349 -0.01712  0.06006
   0.43466 -0.01668  0.06141
   0.44590 -0.01622  0.06329
   0.45721 -0.01576  0.06628
   0.46858 -0.01529  0.06952
   0.48000 -0.01482  0.07283
   0.49145 -0.01434  0.07483
   0.50292 -0.01387  0.07945
   0.51437 -0.01339  0.08188
   0.52581 -0.01292  0.08574
   0.53722 -0.01245  0.08814
   0.54859 -0.01199  0.09219
   0.55994 -0.01153  0.09414
   0.57125 -0.01108  0.09774
   0.58253 -0.01063  0.10146
   0.59379 -0.01019  0.10317
   0.60502 -0.00976  0.10657
   0.61622 -0.00934  0.11010
   0.62740 -0.00893  0.11152
   0.63856 -0.00853  0.11512
   0.64971 -0.00814  0.11762
   0.66083 -0.00775  0.11978
   0.67194 -0.00738  0.12291
   0.68303 -0.00702  0.12550
   0.69412 -0.00667  0.12705
   0.70519 -0.00632  0.13056
   0.71625 -0.00599  0.13229
   0.72730 -0.00567  0.13413
   0.73835 -0.00537  0.13684
   0.74938 -0.00507  0.13952
   0.76042 -0.00479  0.14133
   0.77144 -0.00451  0.14417
   0.78247 -0.00425  0.14568
   0.79348 -0.00400  0.14837
   0.80448 -0.00376  0.15078
   0.81546 -0.00353  0.15311
   0.82641 -0.00332  0.15601
   0.83731 -0.00311  0.15825
   0.84811 -0.00292  0.16038
   0.85878 -0.00274  0.16372
   0.86922 -0.00258  0.16629
   0.87933 -0.00243  0.17075
   0.88896 -0.00229  0.17225
   0.89797 -0.00217  0.17731
   0.90623 -0.00207  0.17975
   0.91368 -0.00198  0.18371
   0.92031 -0.00190  0.18651
   0.92615 -0.00184  0.18854
   0.93130 -0.00179  0.19442
   0.93584 -0.00174  0.19714
   0.93987 -0.00170  0.19802
   0.94346 -0.00167  0.20303
   0.94668 -0.00164  0.20384
   0.94959 -0.00161  0.20910
   0.95224 -0.00159  0.20810
   0.95465 -0.00157  0.21180
   0.95687 -0.00155  0.21997
   0.95893 -0.00153  0.21113
   0.96083 -0.00152  0.22731
   0.96261 -0.00150  0.21625
   0.96427 -0.00149  0.22668
   0.96583 -0.00148  0.23119
   0.96729 -0.00147  0.22545
   0.96868 -0.00145  0.23611
   0.96999 -0.00144  0.23591
   0.97124 -0.00144  0.23678
   0.97242 -0.00143  0.23482
   0.97355 -0.00142  0.24758
   0.97463 -0.00141  0.23608
   0.97567 -0.00140  0.24811
   0.97666 -0.00140  0.25463
   0.97761 -0.00139  0.24730
   0.97852 -0.00138  0.25627
   0.97941 -0.00138  0.25901
   0.98025 -0.00137  0.25637
   0.98107 -0.00137  0.27157
   0.98186 -0.00136  0.26355
   0.98263 -0.00136  0.27021
   0.98337 -0.00135  0.27553
   0.98409 -0.00135  0.25896
   0.98479 -0.00134  0.28837
   0.98546 -0.00134  0.28721
   0.98612 -0.00133  0.27397
   0.98676 -0.00133  0.30536
   0.98738 -0.00132  0.28151
   0.98799 -0.00132  0.29477
   0.98858 -0.00132  0.29878
   0.98915 -0.00131  0.31925
   0.98971 -0.00131  0.30022
   0.99026 -0.00131  0.32810
   0.99080 -0.00130  0.32577
   0.99132 -0.00130  0.34020
   0.99183 -0.00130  0.32716
   0.99233 -0.00129  0.34104
   0.99282 -0.00129  0.36863
   0.99330 -0.00129  0.37496
   0.99377 -0.00128  0.39462
   0.99407 -0.00128  0.40412
