naca 8412                                       
 Alfa =   0.00000 Re =        0.000 Xflap,Yflap =     0.000000    0.000000
#    x        y        Cp  
   0.99214  0.00461  0.40621
   0.99183  0.00474  0.37797
   0.99135  0.00493  0.33097
   0.99086  0.00514  0.34113
   0.99036  0.00534  0.29550
   0.98985  0.00555  0.30222
   0.98932  0.00577  0.25876
   0.98879  0.00598  0.26152
   0.98824  0.00621  0.25758
   0.98767  0.00644  0.24368
   0.98710  0.00668  0.23030
   0.98650  0.00692  0.22908
   0.98589  0.00717  0.20001
   0.98526  0.00742  0.22749
   0.98462  0.00769  0.17892
   0.98395  0.00796  0.20724
   0.98327  0.00823  0.15953
   0.98256  0.00852  0.17656
   0.98183  0.00882  0.16904
   0.98107  0.00912  0.16824
   0.98029  0.00944  0.14067
   0.97948  0.00976  0.14451
   0.97864  0.01010  0.13940
   0.97777  0.01045  0.13316
   0.97687  0.01081  0.12162
   0.97593  0.01119  0.10421
   0.97495  0.01158  0.11599
   0.97393  0.01199  0.09558
   0.97286  0.01242  0.08390
   0.97174  0.01286  0.08923
   0.97057  0.01333  0.06796
   0.96934  0.01382  0.06606
   0.96804  0.01433  0.06387
   0.96667  0.01487  0.05180
   0.96522  0.01544  0.03863
   0.96368  0.01605  0.03038
   0.96204  0.01669  0.02708
   0.96029  0.01737  0.01335
   0.95842  0.01810  0.00388
   0.95640  0.01888 -0.00411
   0.95423  0.01972 -0.01833
   0.95187  0.02063 -0.03114
   0.94931  0.02161 -0.03408
   0.94651  0.02268 -0.05758
   0.94344  0.02385 -0.06290
   0.94005  0.02513 -0.08104
   0.93630  0.02653 -0.09512
   0.93215  0.02808 -0.11184
   0.92755  0.02978 -0.12827
   0.92244  0.03165 -0.14798
   0.91681  0.03370 -0.16768
   0.91063  0.03592 -0.18786
   0.90394  0.03830 -0.20882
   0.89676  0.04081 -0.23179
   0.88917  0.04344 -0.25499
   0.88124  0.04615 -0.27632
   0.87304  0.04890 -0.30060
   0.86464  0.05168 -0.32311
   0.85609  0.05446 -0.34558
   0.84744  0.05723 -0.36692
   0.83871  0.05998 -0.38868
   0.82992  0.06270 -0.40963
   0.82109  0.06538 -0.43044
   0.81223  0.06803 -0.45014
   0.80335  0.07063 -0.46969
   0.79444  0.07319 -0.49059
   0.78553  0.07571 -0.50737
   0.77660  0.07819 -0.52711
   0.76765  0.08061 -0.54488
   0.75870  0.08300 -0.56288
   0.74974  0.08533 -0.58120
   0.74078  0.08762 -0.59787
   0.73180  0.08987 -0.61450
   0.72282  0.09206 -0.63206
   0.71384  0.09421 -0.64743
   0.70485  0.09631 -0.66557
   0.69586  0.09837 -0.67947
   0.68687  0.10038 -0.69735
   0.67788  0.10233 -0.71046
   0.66888  0.10424 -0.72848
   0.65989  0.10611 -0.74129
   0.65089  0.10792 -0.75751
   0.64189  0.10968 -0.77145
   0.63290  0.11140 -0.78615
   0.62391  0.11306 -0.80157
   0.61492  0.11468 -0.81465
   0.60594  0.11624 -0.82924
   0.59696  0.11776 -0.84344
   0.58799  0.11922 -0.85724
   0.57902  0.12063 -0.87058
   0.57006  0.12200 -0.88384
   0.56111  0.12331 -0.89796
   0.55217  0.12457 -0.91220
   0.54323  0.12578 -0.92311
   0.53431  0.12694 -0.93848
   0.52540  0.12804 -0.95120
   0.51650  0.12910 -0.96399
   0.50762  0.13010 -0.97700
   0.49875  0.13104 -0.99089
   0.48990  0.13194 -1.00491
   0.48108  0.13278 -1.01679
   0.47228  0.13357 -1.03055
   0.46351  0.13430 -1.04291
   0.45477  0.13498 -1.06010
   0.44609  0.13560 -1.07199
   0.43747  0.13617 -1.08975
   0.42893  0.13668 -1.10226
   0.42049  0.13714 -1.12110
   0.41220  0.13753 -1.13795
   0.40409  0.13788 -1.16397
   0.39621  0.13815 -1.19326
   0.38853  0.13835 -1.20956
   0.38098  0.13848 -1.22472
   0.37352  0.13853 -1.23678
   0.36612  0.13852 -1.24625
   0.35878  0.13843 -1.25755
   0.35149  0.13829 -1.26321
   0.34423  0.13807 -1.27014
   0.33701  0.13779 -1.27384
   0.32981  0.13744 -1.27896
   0.32265  0.13703 -1.28189
   0.31551  0.13656 -1.28029
   0.30839  0.13602 -1.28469
   0.30131  0.13541 -1.28147
   0.29425  0.13474 -1.28532
   0.28721  0.13401 -1.27748
   0.28021  0.13321 -1.27838
   0.27323  0.13235 -1.27384
   0.26629  0.13142 -1.26973
   0.25938  0.13043 -1.26101
   0.25250  0.12938 -1.25718
   0.24566  0.12827 -1.24970
   0.23885  0.12709 -1.23936
   0.23208  0.12586 -1.23324
   0.22535  0.12456 -1.22009
   0.21867  0.12320 -1.21393
   0.21203  0.12179 -1.19881
   0.20543  0.12031 -1.18730
   0.19889  0.11878 -1.17457
   0.19239  0.11719 -1.16050
   0.18596  0.11554 -1.14596
   0.17958  0.11384 -1.12943
   0.17326  0.11208 -1.11472
   0.16700  0.11028 -1.09741
   0.16082  0.10842 -1.07844
   0.15471  0.10652 -1.06077
   0.14868  0.10457 -1.04035
   0.14273  0.10258 -1.01948
   0.13687  0.10055 -0.99993
   0.13112  0.09848 -0.97833
   0.12546  0.09638 -0.95806
   0.11992  0.09426 -0.93202
   0.11450  0.09211 -0.91080
   0.10921  0.08995 -0.88585
   0.10406  0.08777 -0.86135
   0.09906  0.08560 -0.83751
   0.09421  0.08343 -0.81285
   0.08953  0.08127 -0.78488
   0.08503  0.07913 -0.76316
   0.08071  0.07701 -0.73263
   0.07657  0.07493 -0.70866
   0.07263  0.07290 -0.68552
   0.06887  0.07091 -0.65704
   0.06531  0.06897 -0.63413
   0.06194  0.06708 -0.60489
   0.05875  0.06526 -0.58361
   0.05574  0.06350 -0.55686
   0.05290  0.06179 -0.53655
   0.05023  0.06015 -0.50714
   0.04771  0.05857 -0.48796
   0.04534  0.05705 -0.46113
   0.04311  0.05559 -0.44214
   0.04100  0.05418 -0.41842
   0.03902  0.05283 -0.39535
   0.03714  0.05152 -0.37885
   0.03538  0.05027 -0.34916
   0.03370  0.04906 -0.33385
   0.03212  0.04789 -0.31226
   0.03062  0.04676 -0.29189
   0.02920  0.04567 -0.27425
   0.02785  0.04462 -0.24849
   0.02657  0.04360 -0.23526
   0.02535  0.04262 -0.20954
   0.02419  0.04166 -0.19710
   0.02308  0.04073 -0.17345
   0.02203  0.03983 -0.15522
   0.02102  0.03896 -0.13706
   0.02005  0.03810 -0.11596
   0.01913  0.03727 -0.09941
   0.01825  0.03647 -0.08191
   0.01740  0.03568 -0.05950
   0.01659  0.03491 -0.04996
   0.01581  0.03416 -0.01873
   0.01506  0.03342 -0.00785
   0.01434  0.03271  0.01336
   0.01365  0.03200  0.03058
   0.01298  0.03132  0.04288
   0.01234  0.03064  0.06983
   0.01173  0.02998  0.08750
   0.01114  0.02933  0.10575
   0.01056  0.02869  0.12426
   0.01001  0.02807  0.13968
   0.00948  0.02745  0.16319
   0.00897  0.02685  0.18123
   0.00848  0.02625  0.20140
   0.00800  0.02567  0.21669
   0.00754  0.02509  0.23967
   0.00710  0.02452  0.25853
   0.00667  0.02396  0.27017
   0.00626  0.02341  0.30055
   0.00586  0.02286  0.30718
   0.00547  0.02232  0.33993
   0.00510  0.02179  0.36097
   0.00475  0.02127  0.37475
   0.00440  0.02075  0.39362
   0.00407  0.02023  0.42451
   0.00375  0.01973  0.43225
   0.00344  0.01923  0.46377
   0.00315  0.01873  0.47479
   0.00286  0.01824  0.49800
   0.00259  0.01775  0.51981
   0.00233  0.01727  0.53871
   0.00208  0.01679  0.56422
   0.00183  0.01632  0.58811
   0.00160  0.01585  0.60068
   0.00138  0.01539  0.62900
   0.00117  0.01493  0.63925
   0.00097  0.01447  0.67249
   0.00078  0.01402  0.68851
   0.00060  0.01357  0.70839
   0.00043  0.01313  0.72999
   0.00027  0.01269  0.75457
   0.00012  0.01225  0.77090
  -0.00003  0.01181  0.78796
  -0.00016  0.01138  0.81663
  -0.00028  0.01095  0.81873
  -0.00040  0.01053  0.85129
  -0.00050  0.01010  0.85721
  -0.00060  0.00969  0.88840
  -0.00069  0.00927  0.89462
  -0.00076  0.00886  0.91353
  -0.00083  0.00845  0.92656
  -0.00089  0.00804  0.94270
  -0.00094  0.00764  0.95307
  -0.00098  0.00724  0.96338
  -0.00102  0.00685  0.97466
  -0.00104  0.00646  0.98260
  -0.00105  0.00607  0.98705
  -0.00106  0.00568  0.99623
  -0.00106  0.00530  0.99682
  -0.00104  0.00492  0.99957
  -0.00102  0.00455  0.99966
  -0.00100  0.00418  0.99837
  -0.00096  0.00381  0.99433
  -0.00091  0.00345  0.98868
  -0.00086  0.00309  0.98424
  -0.00080  0.00274  0.96946
  -0.00073  0.00239  0.96807
  -0.00065  0.00204  0.94377
  -0.00056  0.00170  0.93745
  -0.00047  0.00137  0.92052
  -0.00037  0.00104  0.90335
  -0.00026  0.00071  0.87574
  -0.00015  0.00039  0.86524
  -0.00008  0.00019  0.84872
   0.00000  0.00000  0.83668
   0.00011 -0.00028  0.81338
   0.00024 -0.00055  0.80148
   0.00038 -0.00087  0.75897
   0.00053 -0.00118  0.74903
   0.00069 -0.00149  0.70809
   0.00086 -0.00179  0.67437
   0.00104 -0.00210  0.66221
   0.00123 -0.00240  0.60509
   0.00143 -0.00271  0.60146
   0.00163 -0.00301  0.55215
   0.00185 -0.00331  0.53070
   0.00207 -0.00360  0.47530
   0.00230 -0.00389  0.45615
   0.00254 -0.00419  0.42642
   0.00279 -0.00447  0.38230
   0.00305 -0.00476  0.35737
   0.00332 -0.00504  0.32935
   0.00360 -0.00532  0.27971
   0.00389 -0.00559  0.26434
   0.00419 -0.00586  0.22179
   0.00449 -0.00613  0.19843
   0.00481 -0.00640  0.16371
   0.00513 -0.00666  0.14301
   0.00547 -0.00691  0.11827
   0.00581 -0.00717  0.07997
   0.00616 -0.00742  0.06082
   0.00652 -0.00766  0.03447
   0.00689 -0.00791  0.01597
   0.00727 -0.00814 -0.00377
   0.00766 -0.00838 -0.02992
   0.00806 -0.00861 -0.04469
   0.00847 -0.00884 -0.07156
   0.00888 -0.00906 -0.09671
   0.00931 -0.00928 -0.09127
   0.00975 -0.00950 -0.13010
   0.01019 -0.00971 -0.10950
   0.01065 -0.00992 -0.15701
   0.01112 -0.01013 -0.14222
   0.01160 -0.01033 -0.17338
   0.01209 -0.01053 -0.18482
   0.01259 -0.01072 -0.18654
   0.01310 -0.01091 -0.20074
   0.01362 -0.01110 -0.21413
   0.01416 -0.01129 -0.21689
   0.01471 -0.01147 -0.21732
   0.01527 -0.01165 -0.23023
   0.01584 -0.01182 -0.23540
   0.01642 -0.01199 -0.24847
   0.01702 -0.01216 -0.22867
   0.01764 -0.01232 -0.26504
   0.01827 -0.01248 -0.24066
   0.01891 -0.01264 -0.26190
   0.01957 -0.01279 -0.25072
   0.02025 -0.01294 -0.26062
   0.02095 -0.01309 -0.26423
   0.02166 -0.01323 -0.25518
   0.02239 -0.01337 -0.27001
   0.02314 -0.01350 -0.26847
   0.02391 -0.01363 -0.25096
   0.02471 -0.01376 -0.27554
   0.02552 -0.01388 -0.24653
   0.02636 -0.01400 -0.26796
   0.02723 -0.01412 -0.25356
   0.02812 -0.01423 -0.26588
   0.02904 -0.01433 -0.23938
   0.02999 -0.01444 -0.25971
   0.03097 -0.01453 -0.24413
   0.03198 -0.01462 -0.24629
   0.03303 -0.01471 -0.23461
   0.03412 -0.01479 -0.24909
   0.03525 -0.01487 -0.22783
   0.03642 -0.01493 -0.22615
   0.03764 -0.01500 -0.22384
   0.03891 -0.01505 -0.21541
   0.04023 -0.01510 -0.22003
   0.04161 -0.01514 -0.20286
   0.04305 -0.01517 -0.20352
   0.04457 -0.01519 -0.19102
   0.04615 -0.01520 -0.19459
   0.04782 -0.01520 -0.18038
   0.04957 -0.01519 -0.17175
   0.05142 -0.01516 -0.16745
   0.05338 -0.01512 -0.15708
   0.05546 -0.01506 -0.15317
   0.05766 -0.01498 -0.14040
   0.06002 -0.01488 -0.13133
   0.06253 -0.01476 -0.12168
   0.06523 -0.01461 -0.11122
   0.06813 -0.01443 -0.10019
   0.07126 -0.01421 -0.09239
   0.07465 -0.01396 -0.07555
   0.07833 -0.01365 -0.06541
   0.08234 -0.01330 -0.05155
   0.08672 -0.01288 -0.03603
   0.09151 -0.01239 -0.02355
   0.09676 -0.01183 -0.00708
   0.10253 -0.01117  0.01007
   0.10884 -0.01042  0.02527
   0.11575 -0.00956  0.04435
   0.12327 -0.00859  0.06117
   0.13142 -0.00751  0.08136
   0.14019 -0.00631  0.09915
   0.14955 -0.00501  0.11794
   0.15942 -0.00361  0.13592
   0.16971 -0.00214  0.15497
   0.18027 -0.00063  0.17154
   0.19092  0.00088  0.18806
   0.20151  0.00238  0.20215
   0.21200  0.00384  0.21704
   0.22233  0.00526  0.22971
   0.23252  0.00663  0.24095
   0.24256  0.00794  0.25151
   0.25245  0.00920  0.26260
   0.26222  0.01041  0.27045
   0.27187  0.01156  0.27920
   0.28142  0.01266  0.28745
   0.29086  0.01371  0.29427
   0.30022  0.01470  0.29997
   0.30949  0.01563  0.30601
   0.31870  0.01651  0.31163
   0.32784  0.01733  0.31540
   0.33693  0.01810  0.32060
   0.34599  0.01882  0.32199
   0.35502  0.01948  0.32678
   0.36404  0.02009  0.32750
   0.37309  0.02065  0.32908
   0.38220  0.02115  0.32924
   0.39143  0.02160  0.32898
   0.40090  0.02200  0.32351
   0.41078  0.02237  0.31850
   0.42098  0.02274  0.31544
   0.43140  0.02310  0.31389
   0.44193  0.02344  0.31553
   0.45253  0.02376  0.31339
   0.46315  0.02407  0.31456
   0.47377  0.02435  0.31450
   0.48438  0.02460  0.31636
   0.49496  0.02483  0.31626
   0.50551  0.02504  0.31720
   0.51604  0.02522  0.31789
   0.52654  0.02537  0.31877
   0.53701  0.02550  0.31967
   0.54746  0.02559  0.32066
   0.55788  0.02566  0.32089
   0.56827  0.02570  0.32277
   0.57865  0.02571  0.32164
   0.58900  0.02569  0.32362
   0.59933  0.02564  0.32362
   0.60965  0.02556  0.32464
   0.61994  0.02545  0.32408
   0.63023  0.02531  0.32502
   0.64050  0.02513  0.32494
   0.65075  0.02493  0.32524
   0.66099  0.02470  0.32488
   0.67123  0.02443  0.32529
   0.68145  0.02413  0.32481
   0.69167  0.02380  0.32417
   0.70187  0.02344  0.32491
   0.71207  0.02305  0.32360
   0.72227  0.02262  0.32338
   0.73246  0.02217  0.32251
   0.74264  0.02168  0.32197
   0.75282  0.02115  0.32182
   0.76300  0.02060  0.31952
   0.77317  0.02001  0.31928
   0.78334  0.01939  0.31853
   0.79349  0.01874  0.31701
   0.80364  0.01806  0.31552
   0.81377  0.01735  0.31407
   0.82386  0.01661  0.31310
   0.83391  0.01584  0.31060
   0.84389  0.01504  0.31071
   0.85376  0.01423  0.30791
   0.86345  0.01339  0.30665
   0.87290  0.01256  0.30615
   0.88201  0.01172  0.30297
   0.89066  0.01091  0.30204
   0.89876  0.01013  0.30204
   0.90621  0.00939  0.29970
   0.91299  0.00870  0.29801
   0.91907  0.00808  0.30039
   0.92452  0.00751  0.29612
   0.92937  0.00699  0.29846
   0.93371  0.00653  0.29771
   0.93759  0.00610  0.29682
   0.94109  0.00572  0.29814
   0.94425  0.00537  0.29503
   0.94713  0.00505  0.29850
   0.94975  0.00476  0.29762
   0.95217  0.00448  0.29899
   0.95439  0.00423  0.30185
   0.95646  0.00399  0.29737
   0.95838  0.00377  0.29796
   0.96017  0.00357  0.30226
   0.96185  0.00337  0.29932
   0.96343  0.00319  0.30527
   0.96493  0.00301  0.30021
   0.96634  0.00285  0.30193
   0.96767  0.00269  0.30960
   0.96894  0.00254  0.29772
   0.97015  0.00240  0.30352
   0.97131  0.00226  0.31966
   0.97241  0.00213  0.29822
   0.97347  0.00200  0.30943
   0.97448  0.00188  0.32031
   0.97546  0.00177  0.30505
   0.97639  0.00165  0.31965
   0.97730  0.00154  0.31189
   0.97817  0.00144  0.32221
   0.97901  0.00134  0.31041
   0.97982  0.00124  0.32062
   0.98061  0.00114  0.32644
   0.98137  0.00105  0.32808
   0.98211  0.00096  0.31727
   0.98282  0.00088  0.34250
   0.98352  0.00079  0.31662
   0.98419  0.00071  0.33576
   0.98485  0.00063  0.33696
   0.98548  0.00055  0.33894
   0.98610  0.00047  0.34454
   0.98671  0.00040  0.36546
   0.98730  0.00033  0.33836
   0.98788  0.00026  0.35580
   0.98844  0.00019  0.36096
   0.98899  0.00012  0.36258
   0.98952  0.00005  0.38509
   0.99005 -0.00001  0.38689
   0.99056 -0.00008  0.39922
   0.99090 -0.00012  0.40621
